# Undirected graph (each unordered pair of nodes is saved once): datasets/final/300/graph_300_500.txt
# Undirected Erdos-Renyi random graph.
# Nodes: 300 Edges: 500
# NodeId	NodeId
0	6
0	23
0	110
0	142
1	45
1	175
1	238
2	54
2	177
2	274
3	39
3	147
3	192
4	54
4	56
4	120
4	147
5	6
5	103
5	201
6	37
6	184
6	254
6	291
7	20
7	55
7	160
7	211
7	282
8	70
8	75
8	171
8	257
9	193
9	207
9	268
10	16
10	19
10	278
11	96
11	158
11	229
11	259
12	92
12	101
12	218
13	121
14	27
14	49
14	236
15	62
15	157
15	166
16	25
16	104
16	113
16	123
16	128
17	41
18	122
20	91
20	155
20	165
20	197
20	266
20	276
20	295
21	43
21	81
21	245
21	284
22	87
22	93
22	148
22	291
23	127
23	254
25	157
25	159
25	210
25	274
26	54
26	147
26	192
26	237
27	227
27	243
28	37
28	150
29	72
29	74
29	97
29	110
29	223
29	268
30	45
31	64
31	91
31	146
31	168
32	85
32	105
32	297
33	204
33	295
34	93
34	136
34	146
35	188
35	223
36	153
36	283
36	295
37	137
37	248
37	269
38	66
38	189
38	236
39	62
39	198
41	186
41	224
41	233
42	179
42	202
42	218
42	284
43	150
44	49
44	61
44	96
44	170
44	180
44	282
44	289
45	106
45	213
45	236
46	113
46	196
46	299
47	63
47	163
47	262
48	98
48	160
49	104
49	132
49	154
49	243
50	61
50	229
52	187
52	217
52	274
53	215
53	238
54	72
54	205
55	85
55	187
55	196
55	253
56	166
57	79
58	294
59	104
59	112
59	197
59	270
59	298
60	169
60	245
61	236
62	234
62	247
63	123
63	187
63	194
63	283
64	146
64	186
64	255
65	96
65	238
65	239
65	258
65	274
65	289
66	229
66	253
67	91
67	245
68	160
68	287
69	151
69	213
69	258
70	169
70	200
70	260
70	263
70	274
70	276
71	118
72	297
73	242
73	284
73	292
74	95
74	168
76	97
76	160
76	192
77	122
77	146
77	174
77	181
77	248
77	254
77	293
78	93
78	247
79	83
79	211
79	234
79	242
79	245
79	257
80	128
81	140
81	181
81	183
81	209
81	220
82	107
82	142
82	143
82	215
82	245
82	289
83	110
83	198
83	223
85	100
85	118
85	150
85	257
87	149
88	177
89	98
89	112
89	191
89	295
90	109
90	167
90	189
90	225
90	294
92	131
92	158
92	231
92	277
93	142
93	201
93	285
93	298
94	130
94	243
94	296
95	107
95	135
95	149
95	168
95	198
95	214
96	115
96	298
97	195
97	242
97	256
97	283
97	293
98	145
98	172
99	152
99	187
99	224
100	149
100	237
102	192
103	120
104	108
104	161
104	167
104	168
104	221
104	250
105	261
105	291
106	283
107	127
107	201
107	216
107	222
107	227
107	255
107	262
107	279
108	139
108	201
108	265
109	165
109	176
109	269
109	298
110	152
110	260
112	197
112	218
115	117
115	253
116	160
118	194
119	162
119	264
120	263
120	268
122	185
122	218
123	279
124	174
124	251
124	266
125	203
125	223
125	248
125	273
126	147
126	165
126	200
126	207
126	252
126	286
126	293
127	184
128	160
129	215
130	190
130	277
131	250
131	270
132	224
132	273
134	236
135	206
135	296
136	144
136	296
139	243
139	249
139	284
140	146
141	153
141	158
141	173
141	252
142	143
144	176
144	178
144	197
145	168
145	222
145	281
146	192
147	268
148	248
148	270
148	271
148	278
148	282
149	232
150	246
151	174
151	224
153	184
153	200
153	273
155	200
155	245
156	248
159	196
160	243
160	256
160	261
160	263
161	171
161	262
164	216
164	231
164	236
165	283
166	294
167	174
167	250
168	181
168	183
169	175
169	208
169	228
169	267
171	236
172	296
173	200
174	277
175	248
175	284
177	196
177	226
179	225
179	296
181	193
181	226
181	236
181	252
181	261
181	264
181	267
183	202
185	266
185	285
186	275
186	289
187	224
187	249
192	207
193	230
193	263
194	263
197	208
197	253
197	277
198	205
199	203
199	204
199	228
199	230
199	249
200	216
200	279
202	246
202	260
203	256
203	257
205	244
207	280
208	221
208	297
209	227
210	287
211	212
211	274
213	222
217	248
218	258
218	265
219	233
219	258
219	291
220	236
220	289
221	265
223	226
223	295
224	278
224	290
227	234
229	278
231	258
232	245
234	298
235	290
237	283
237	294
238	270
243	295
245	284
247	274
247	277
248	252
249	266
250	288
255	291
259	277
261	293
265	269
265	298
267	283
275	278
