# Undirected graph (each unordered pair of nodes is saved once): datasets/final/300/graph_300_3000.txt
# Undirected Erdos-Renyi random graph.
# Nodes: 300 Edges: 3000
# NodeId	NodeId
0	2
0	4
0	6
0	26
0	34
0	40
0	52
0	63
0	67
0	82
0	86
0	94
0	95
0	111
0	128
0	161
0	176
0	198
0	205
0	235
0	242
0	259
0	270
0	291
0	292
1	11
1	14
1	22
1	23
1	28
1	31
1	62
1	70
1	82
1	100
1	108
1	119
1	148
1	175
1	189
1	190
1	191
1	200
1	201
1	240
1	257
1	287
1	288
1	289
1	296
2	9
2	25
2	76
2	104
2	111
2	125
2	140
2	148
2	156
2	183
2	191
2	195
2	214
2	219
2	243
2	263
3	4
3	20
3	25
3	82
3	107
3	173
3	202
3	223
3	257
3	261
3	264
3	271
3	279
3	282
3	295
4	6
4	14
4	32
4	42
4	47
4	60
4	88
4	109
4	113
4	119
4	127
4	140
4	148
4	154
4	159
4	172
4	178
4	183
4	232
4	270
4	290
4	296
5	16
5	22
5	30
5	46
5	50
5	71
5	72
5	90
5	123
5	133
5	166
5	178
5	198
5	204
5	235
5	237
5	244
5	266
5	268
6	8
6	15
6	17
6	30
6	39
6	47
6	56
6	59
6	89
6	121
6	131
6	157
6	174
6	176
6	194
6	207
6	224
6	230
6	241
6	265
6	292
6	294
6	299
7	8
7	16
7	24
7	43
7	51
7	68
7	79
7	90
7	98
7	108
7	118
7	145
7	148
7	158
7	174
7	190
7	198
7	208
7	211
7	214
7	228
7	256
7	269
7	296
8	68
8	71
8	90
8	91
8	96
8	103
8	115
8	132
8	140
8	144
8	155
8	193
8	198
8	199
8	211
8	246
8	256
8	270
8	272
8	278
9	24
9	48
9	50
9	54
9	66
9	77
9	118
9	139
9	158
9	159
9	181
9	214
9	219
9	222
9	225
9	245
9	261
9	270
9	291
9	299
10	22
10	32
10	34
10	49
10	79
10	96
10	105
10	120
10	121
10	133
10	154
10	181
10	202
10	212
10	278
10	291
10	297
11	35
11	47
11	69
11	102
11	116
11	131
11	136
11	154
11	173
11	183
11	188
11	202
11	211
11	247
11	251
11	280
12	23
12	29
12	64
12	66
12	73
12	120
12	136
12	142
12	155
12	174
12	210
12	217
12	227
12	228
12	231
12	243
12	257
12	262
12	265
12	286
13	23
13	24
13	28
13	32
13	44
13	56
13	64
13	76
13	138
13	148
13	156
13	236
13	272
14	18
14	20
14	21
14	29
14	37
14	54
14	64
14	77
14	90
14	129
14	134
14	157
14	169
14	209
14	216
14	228
14	240
14	249
14	250
14	253
14	255
14	263
14	285
14	287
14	294
15	41
15	60
15	72
15	90
15	91
15	95
15	112
15	120
15	152
15	163
15	192
15	194
15	224
15	252
15	273
15	276
16	19
16	48
16	66
16	147
16	176
16	185
16	198
16	220
16	232
16	237
16	245
16	256
16	266
16	282
17	37
17	63
17	71
17	74
17	81
17	122
17	147
17	164
17	199
17	222
17	230
17	239
17	246
17	251
17	271
17	294
17	297
18	19
18	44
18	59
18	104
18	150
18	153
18	160
18	181
18	186
18	191
18	208
18	210
18	221
18	231
18	247
18	250
18	273
19	26
19	33
19	54
19	69
19	92
19	110
19	126
19	129
19	135
19	172
19	173
19	221
19	223
19	229
19	244
19	246
19	282
19	289
20	26
20	34
20	84
20	122
20	135
20	148
20	153
20	188
20	206
20	225
20	232
20	234
20	249
20	254
20	271
20	291
20	295
20	297
21	26
21	36
21	46
21	52
21	57
21	78
21	88
21	100
21	136
21	137
21	200
21	208
21	214
21	218
21	225
21	240
21	243
21	251
21	270
21	282
22	36
22	38
22	47
22	114
22	117
22	143
22	173
22	175
22	192
22	196
22	210
22	211
22	223
22	230
22	275
22	276
22	284
23	26
23	39
23	67
23	70
23	73
23	74
23	86
23	163
23	164
23	179
23	188
23	201
23	204
23	228
23	229
23	243
23	282
23	283
23	285
24	31
24	33
24	70
24	99
24	119
24	136
24	148
24	225
24	268
25	26
25	36
25	40
25	83
25	93
25	102
25	151
25	161
25	167
25	184
25	188
25	200
25	225
25	227
25	228
25	230
25	239
25	256
25	260
25	275
25	276
25	299
26	65
26	118
26	132
26	155
26	160
26	167
26	201
26	204
26	209
26	218
26	247
26	259
26	289
27	38
27	65
27	68
27	95
27	97
27	132
27	147
27	151
27	179
27	208
27	225
27	233
27	237
27	268
27	274
28	58
28	69
28	91
28	98
28	101
28	115
28	124
28	126
28	140
28	145
28	148
28	164
28	175
28	181
28	186
28	199
28	219
28	227
28	231
28	233
28	235
28	245
28	255
28	257
28	261
28	272
28	274
29	61
29	78
29	98
29	102
29	108
29	111
29	119
29	153
29	159
29	166
29	177
29	197
29	200
29	221
29	232
29	247
29	251
29	259
29	262
29	266
29	274
29	277
29	290
30	44
30	61
30	69
30	80
30	87
30	92
30	106
30	127
30	134
30	137
30	165
30	170
30	177
30	181
30	203
30	224
30	230
30	268
30	278
31	35
31	36
31	42
31	52
31	101
31	111
31	136
31	210
31	240
31	243
31	267
31	291
32	43
32	53
32	62
32	63
32	88
32	100
32	120
32	121
32	125
32	150
32	155
32	180
32	200
32	206
32	230
32	252
32	261
32	276
33	34
33	66
33	76
33	85
33	87
33	91
33	108
33	115
33	123
33	124
33	126
33	131
33	135
33	136
33	140
33	169
33	172
33	192
33	220
33	228
33	244
33	253
33	264
33	270
33	279
33	292
34	36
34	39
34	71
34	113
34	115
34	116
34	125
34	147
34	159
34	167
34	177
34	219
34	252
34	275
34	280
34	286
34	287
34	288
35	56
35	88
35	89
35	92
35	98
35	109
35	112
35	115
35	122
35	164
35	172
35	186
35	197
35	237
35	267
36	51
36	70
36	113
36	115
36	116
36	122
36	145
36	156
36	185
36	209
36	257
36	261
36	262
36	291
37	39
37	66
37	68
37	70
37	89
37	107
37	122
37	143
37	161
37	207
37	235
37	276
37	291
37	294
37	297
38	55
38	57
38	76
38	91
38	111
38	129
38	132
38	143
38	174
38	194
38	229
38	247
38	252
38	253
38	259
39	63
39	65
39	123
39	124
39	129
39	130
39	145
39	150
39	154
39	157
39	175
39	194
39	210
39	219
39	246
39	247
39	258
39	290
40	59
40	71
40	87
40	115
40	119
40	136
40	149
40	153
40	161
40	168
40	181
40	186
40	200
40	214
40	236
40	248
40	270
40	276
40	281
40	294
40	298
41	66
41	77
41	81
41	109
41	121
41	177
41	180
41	193
41	205
41	217
41	218
41	231
41	234
41	267
41	280
42	43
42	65
42	79
42	81
42	93
42	114
42	211
42	213
42	238
42	250
42	263
42	282
42	295
43	51
43	59
43	72
43	73
43	96
43	111
43	122
43	123
43	127
43	141
43	143
43	160
43	165
43	175
43	176
43	177
43	194
43	212
43	245
43	247
43	263
43	264
43	267
43	270
43	278
43	297
44	62
44	83
44	84
44	106
44	120
44	121
44	139
44	143
44	199
44	231
44	246
44	284
44	292
45	48
45	106
45	127
45	140
45	162
45	187
45	267
45	275
46	57
46	64
46	68
46	74
46	120
46	121
46	150
46	175
46	203
46	211
46	219
46	225
46	258
46	273
46	281
47	51
47	67
47	69
47	96
47	99
47	109
47	124
47	138
47	163
47	172
47	197
47	222
47	247
47	262
47	269
48	58
48	84
48	90
48	102
48	139
48	161
48	180
48	224
48	230
48	243
48	251
48	269
48	272
48	276
48	285
48	291
49	52
49	92
49	106
49	115
49	128
49	131
49	143
49	177
49	180
49	194
49	209
49	213
49	221
49	223
49	237
49	242
49	264
49	292
49	297
50	81
50	85
50	128
50	148
50	152
50	174
50	182
50	189
50	190
50	192
50	205
50	210
50	216
50	227
50	280
50	293
50	298
51	62
51	93
51	103
51	116
51	123
51	133
51	135
51	162
51	185
51	190
51	202
51	209
51	218
51	242
51	247
51	271
51	299
52	68
52	103
52	127
52	138
52	158
52	159
52	169
52	172
52	177
52	193
52	206
52	216
52	237
52	253
52	260
52	269
52	278
53	56
53	118
53	167
53	192
53	210
53	213
53	223
53	230
53	273
53	295
54	57
54	60
54	65
54	73
54	83
54	108
54	144
54	161
54	165
54	166
54	179
54	210
54	212
54	272
54	293
55	65
55	68
55	75
55	104
55	154
55	169
55	170
55	211
55	218
55	221
55	228
55	231
55	236
55	258
55	268
55	278
55	280
55	292
56	58
56	62
56	75
56	78
56	81
56	132
56	153
56	155
56	156
56	160
56	171
56	173
56	201
56	237
56	238
56	241
56	267
56	278
56	283
57	66
57	77
57	115
57	121
57	131
57	136
57	138
57	140
57	148
57	169
57	170
57	187
57	206
57	231
57	274
57	278
57	284
57	291
57	295
58	82
58	83
58	95
58	107
58	131
58	136
58	148
58	159
58	196
58	213
58	217
58	228
58	229
58	242
58	273
58	285
58	295
58	297
59	64
59	66
59	68
59	73
59	85
59	90
59	93
59	98
59	112
59	125
59	154
59	159
59	178
59	181
59	194
59	196
59	200
59	229
59	231
59	273
59	276
60	91
60	106
60	110
60	125
60	131
60	151
60	161
60	163
60	201
60	206
60	232
60	258
60	276
60	284
60	288
61	81
61	114
61	125
61	178
61	192
61	219
61	278
62	67
62	92
62	145
62	146
62	158
62	163
62	179
62	188
62	195
62	219
62	232
62	252
62	263
62	268
62	279
62	282
62	284
62	297
63	83
63	85
63	98
63	136
63	155
63	182
63	195
63	197
63	206
63	233
63	249
63	251
63	294
64	75
64	100
64	133
64	143
64	150
64	162
64	187
64	188
64	228
64	249
64	255
64	259
64	289
65	100
65	110
65	124
65	126
65	135
65	140
65	142
65	148
65	197
65	201
65	207
65	210
65	220
65	233
65	242
65	259
65	266
65	273
66	82
66	84
66	86
66	104
66	140
66	161
66	170
66	181
66	187
66	198
66	209
66	214
66	231
66	249
66	251
66	265
66	277
66	279
66	284
67	81
67	82
67	89
67	94
67	95
67	111
67	118
67	124
67	145
67	150
67	190
67	240
67	243
67	257
67	265
68	75
68	84
68	95
68	108
68	135
68	142
68	145
68	151
68	153
68	173
68	176
68	188
68	200
68	202
68	205
68	230
68	242
68	248
68	255
68	260
68	277
68	279
68	295
69	73
69	99
69	124
69	204
69	221
69	231
69	278
69	282
69	288
70	87
70	95
70	116
70	130
70	134
70	189
70	196
70	199
70	200
70	206
70	212
70	223
70	232
70	258
70	259
70	261
70	270
70	284
70	285
70	286
70	287
71	92
71	134
71	158
71	171
71	174
71	196
71	222
71	225
71	230
71	242
71	262
71	272
71	275
71	290
72	86
72	93
72	103
72	104
72	135
72	141
72	142
72	203
72	205
72	217
72	242
72	247
72	269
72	270
72	276
72	284
72	293
73	108
73	114
73	133
73	198
73	224
73	239
73	252
73	253
73	272
73	289
74	89
74	100
74	117
74	136
74	139
74	173
74	177
74	186
74	200
74	238
74	247
74	294
75	104
75	105
75	106
75	112
75	155
75	158
75	164
75	166
75	171
75	172
75	177
75	178
75	192
75	216
75	232
75	281
75	287
76	83
76	96
76	110
76	127
76	129
76	145
76	154
76	159
76	161
76	166
76	182
76	195
76	210
76	215
76	216
76	249
76	254
76	259
76	266
76	279
76	283
76	295
77	84
77	117
77	133
77	172
77	196
77	198
77	204
77	236
77	238
77	239
77	241
77	270
77	288
77	290
78	89
78	108
78	145
78	150
78	165
78	195
78	253
78	290
79	110
79	117
79	156
79	173
79	209
79	215
79	227
79	240
79	264
79	276
79	298
80	81
80	85
80	95
80	121
80	145
80	185
80	209
80	216
80	241
80	248
80	258
80	266
81	102
81	114
81	166
81	192
81	241
81	260
81	263
81	291
82	93
82	101
82	109
82	112
82	119
82	135
82	159
82	179
82	195
82	225
82	249
82	250
82	258
82	271
82	287
82	296
83	94
83	105
83	123
83	136
83	146
83	171
83	174
83	184
83	191
83	197
83	214
83	215
83	228
83	235
83	237
83	263
83	270
83	271
83	287
83	295
84	90
84	122
84	166
84	188
84	196
84	200
84	210
84	227
84	237
84	258
84	271
84	284
85	96
85	99
85	114
85	128
85	150
85	167
85	172
85	196
85	209
85	215
85	234
85	275
85	283
86	114
86	115
86	123
86	124
86	125
86	149
86	164
86	181
86	193
86	220
86	235
86	249
86	252
86	263
86	280
86	293
87	89
87	93
87	111
87	120
87	122
87	144
87	152
87	160
87	188
87	208
87	212
87	262
88	95
88	101
88	134
88	172
88	179
88	182
88	184
88	186
88	195
88	200
88	201
88	228
88	266
88	291
89	96
89	131
89	166
89	210
89	214
89	250
89	251
89	296
89	298
90	101
90	110
90	117
90	121
90	136
90	138
90	140
90	169
90	183
90	215
90	237
90	263
90	283
90	296
91	96
91	110
91	191
91	205
91	240
91	245
91	268
92	119
92	134
92	141
92	171
92	175
92	176
92	178
92	180
92	181
92	213
92	234
93	130
93	150
93	159
93	231
93	238
93	240
93	250
93	270
93	273
94	115
94	136
94	143
94	146
94	155
94	223
94	226
94	230
94	231
94	240
94	253
94	266
94	275
94	288
95	101
95	115
95	140
95	144
95	149
95	186
95	214
95	216
95	220
95	224
95	270
95	281
96	107
96	109
96	114
96	151
96	162
96	190
96	210
96	213
96	218
96	225
96	245
96	249
96	256
96	260
96	267
96	275
96	280
96	285
97	107
97	113
97	130
97	148
97	152
97	188
97	190
97	213
97	214
97	240
97	267
97	282
98	124
98	190
98	213
98	228
98	242
98	270
98	273
98	293
99	102
99	128
99	131
99	133
99	177
99	209
99	211
99	227
99	231
99	247
99	257
99	269
99	274
99	280
100	103
100	116
100	124
100	143
100	145
100	180
100	183
100	191
100	193
100	217
100	219
100	227
100	264
100	272
100	278
100	285
100	290
100	291
100	296
101	108
101	115
101	126
101	128
101	138
101	161
101	184
101	185
101	188
101	189
101	201
101	203
101	233
101	240
101	263
101	264
101	269
101	270
101	273
101	285
101	290
102	105
102	108
102	184
102	209
102	244
102	248
102	258
102	274
102	287
102	288
102	298
103	111
103	137
103	148
103	151
103	157
103	174
103	196
103	203
103	222
103	223
103	233
103	247
103	253
103	265
103	285
103	290
104	105
104	118
104	129
104	136
104	142
104	161
104	193
104	202
104	225
104	230
104	232
104	252
104	265
104	279
104	282
105	148
105	155
105	157
105	168
105	169
105	184
105	201
105	203
105	207
105	240
105	251
105	280
106	154
106	182
106	190
106	214
106	267
106	292
106	299
107	119
107	127
107	144
107	160
107	165
107	166
107	167
107	168
107	178
107	182
107	198
107	200
107	203
107	238
107	244
107	281
107	290
108	154
108	159
108	184
108	186
108	203
108	219
108	223
108	227
108	256
108	257
108	267
108	272
108	277
108	278
108	284
109	176
109	181
109	201
109	217
109	221
109	238
109	263
109	267
109	280
109	281
109	287
110	111
110	131
110	141
110	186
110	194
110	199
110	203
110	206
110	209
110	214
110	220
110	241
110	251
110	263
110	270
110	272
110	273
110	281
110	289
110	299
111	114
111	131
111	141
111	142
111	182
111	184
111	185
111	188
111	207
111	242
111	254
111	283
111	291
112	113
112	132
112	147
112	162
112	168
112	176
112	213
112	221
112	231
112	243
112	268
112	275
112	294
113	116
113	152
113	157
113	163
113	178
113	187
113	220
113	221
113	231
113	299
114	164
114	169
114	182
114	197
114	200
114	202
114	211
114	213
114	253
114	259
114	263
114	280
114	290
114	295
115	142
115	144
115	151
115	152
115	193
115	207
115	263
115	275
115	276
116	118
116	130
116	140
116	142
116	150
116	151
116	153
116	168
116	169
116	181
116	212
116	219
116	224
116	260
116	280
116	286
117	118
117	132
117	134
117	177
117	178
117	185
117	187
117	192
117	205
117	207
117	219
117	234
117	244
117	279
118	155
118	173
118	187
118	201
118	204
118	212
118	242
118	248
118	283
118	293
118	299
119	123
119	138
119	170
119	171
119	184
119	198
119	199
119	208
119	211
119	217
119	228
119	231
119	233
119	262
119	288
120	125
120	134
120	156
120	165
120	185
120	190
120	213
120	226
120	232
120	242
121	128
121	142
121	154
121	155
121	160
121	178
121	203
121	206
121	245
121	248
121	254
121	258
121	264
121	277
122	153
122	154
122	166
122	194
122	195
122	224
122	238
122	239
122	256
122	285
122	293
123	146
123	152
123	154
123	165
123	174
123	187
123	202
123	224
123	238
123	239
123	249
123	260
123	279
124	197
124	202
124	216
124	217
124	219
124	226
124	238
124	244
124	253
124	274
124	275
124	296
125	145
125	179
125	196
125	225
125	228
125	233
125	253
125	264
125	273
125	278
125	286
126	144
126	146
126	149
126	155
126	205
126	232
126	273
126	279
126	295
127	131
127	137
127	150
127	195
127	205
127	219
127	254
127	259
128	143
128	154
128	190
128	192
128	193
128	196
128	211
128	237
128	242
128	286
129	152
129	154
129	177
129	207
129	236
129	247
129	249
129	264
129	289
129	291
130	145
130	147
130	165
130	179
130	194
130	260
131	138
131	150
131	182
131	236
131	253
131	264
131	265
131	278
131	285
132	176
132	185
132	197
132	215
132	217
132	230
132	243
132	250
132	266
132	269
132	277
132	282
132	292
133	137
133	142
133	173
133	189
133	190
133	197
133	203
133	215
133	244
133	246
133	256
133	267
134	136
134	170
134	174
134	219
134	233
134	246
134	265
134	267
134	282
134	283
134	285
134	288
135	160
135	169
135	195
135	210
135	224
135	241
135	246
135	264
135	269
136	145
136	147
136	158
136	212
136	213
136	223
136	229
136	240
136	259
136	272
136	286
136	289
136	290
137	170
137	178
137	179
137	184
137	186
137	220
137	229
137	230
137	236
137	281
138	144
138	146
138	150
138	153
138	154
138	159
138	189
138	209
138	258
138	259
139	177
139	178
139	189
139	193
139	194
139	199
139	212
139	216
139	223
139	226
139	227
139	237
139	246
139	252
139	267
139	280
139	297
140	157
140	161
140	163
140	219
140	240
140	260
140	272
140	291
140	294
141	143
141	153
141	161
141	165
141	189
141	203
141	216
141	220
141	280
142	145
142	159
142	172
142	189
142	193
142	218
142	241
142	244
142	262
142	285
142	293
143	155
143	159
143	172
143	173
143	235
143	247
143	265
143	268
143	279
143	297
144	151
144	156
144	211
144	213
144	240
144	254
144	262
144	297
145	194
145	201
145	206
145	210
145	258
145	267
145	272
145	291
146	160
146	165
146	178
146	179
146	186
146	192
146	222
146	254
146	283
146	288
147	177
147	179
147	180
147	186
147	195
147	212
147	222
147	267
147	270
147	286
148	199
148	253
148	270
148	271
148	283
148	285
148	288
149	153
149	171
149	193
149	215
149	233
149	239
149	252
149	291
150	151
150	167
150	182
150	187
150	199
150	208
150	288
150	290
151	176
151	184
151	186
151	188
151	189
151	205
151	262
151	270
151	280
151	287
152	166
152	176
152	187
152	190
152	194
152	202
152	212
152	226
152	233
152	248
152	265
152	280
153	158
153	169
153	198
153	205
153	238
153	250
153	252
153	254
153	293
153	298
154	157
154	160
154	183
154	233
154	237
154	238
154	240
155	160
155	186
155	203
155	207
155	219
155	222
155	240
155	242
155	245
155	257
155	265
155	298
156	172
156	196
156	217
156	225
156	238
156	246
156	249
156	253
156	266
156	271
156	279
156	292
157	159
157	175
157	183
157	189
157	195
157	205
157	239
157	263
157	269
157	274
157	290
157	295
158	168
158	173
158	174
158	183
158	196
158	200
158	218
158	220
158	227
158	247
158	259
158	268
158	284
158	290
159	166
159	174
159	190
159	205
159	214
159	227
159	244
159	255
159	262
159	276
159	283
159	291
159	292
160	166
160	175
160	181
160	193
160	195
160	196
160	239
160	241
160	292
161	170
161	190
161	206
161	238
161	246
161	247
161	263
161	279
161	287
162	178
162	195
162	204
162	208
162	225
162	230
162	274
162	277
162	293
163	180
163	189
163	215
163	234
163	240
163	263
163	285
163	287
164	177
164	178
164	182
164	186
164	195
164	199
164	202
164	203
164	204
164	278
165	197
165	200
165	226
165	235
165	249
165	281
165	287
166	178
166	198
166	200
166	205
166	208
166	216
166	218
166	225
166	227
166	230
166	248
167	178
167	182
167	223
167	235
167	239
167	242
167	253
167	259
167	262
167	267
167	274
167	285
167	290
167	291
168	192
168	203
168	206
168	222
168	238
168	259
168	262
168	289
168	298
169	187
169	204
169	208
169	209
169	215
169	235
169	238
169	250
169	255
169	281
169	282
169	288
170	183
170	209
170	210
170	216
170	220
170	222
170	228
170	234
170	246
170	258
170	260
170	273
170	281
170	283
170	299
171	179
171	185
171	202
171	225
171	239
171	279
171	284
171	297
171	298
172	218
172	268
172	284
173	176
173	188
173	195
173	218
173	225
173	227
173	233
173	235
173	245
173	249
173	258
174	187
174	200
174	206
174	207
174	208
174	226
174	238
174	239
174	249
174	254
174	258
174	284
175	184
175	203
175	206
175	214
175	231
175	232
175	285
176	198
176	203
176	206
176	208
176	213
176	216
176	226
176	257
176	261
176	281
176	289
177	181
177	196
177	200
177	207
177	208
177	220
177	222
177	226
177	230
177	236
177	237
177	246
177	257
177	278
177	288
177	294
177	297
178	219
178	225
178	235
178	239
178	262
178	263
178	295
179	212
179	221
179	228
179	234
179	284
179	291
180	205
180	218
180	244
180	256
180	272
180	277
180	280
180	283
180	284
180	287
180	289
180	298
181	190
181	197
181	198
181	199
181	219
181	222
181	228
181	245
181	248
181	262
181	281
181	288
182	189
182	194
182	202
182	207
182	213
182	251
182	252
182	263
182	285
183	197
183	209
183	212
183	213
183	240
183	282
184	194
184	220
184	248
184	271
184	291
185	187
185	260
185	273
185	277
185	284
186	187
186	196
186	197
186	205
186	216
186	223
186	240
186	252
186	266
186	271
186	272
186	283
186	294
187	228
187	255
187	274
187	276
187	286
188	211
188	220
188	241
188	269
188	270
188	275
188	280
188	296
189	192
189	219
189	221
189	224
189	227
189	257
189	271
189	272
189	290
189	294
189	298
189	299
190	195
190	199
190	212
190	225
190	229
190	230
190	239
190	252
190	283
190	286
191	206
191	221
191	233
191	236
191	252
191	255
191	270
191	274
191	278
192	225
192	232
192	237
192	247
192	262
192	275
192	280
193	207
193	213
193	215
193	236
193	245
193	285
194	201
194	211
194	230
194	245
194	251
194	272
194	299
195	203
195	207
195	223
195	224
195	249
195	258
195	288
196	200
196	203
196	208
196	232
196	294
197	201
197	202
197	214
197	216
197	220
197	242
197	291
198	228
198	242
198	295
199	219
199	241
199	243
199	251
199	271
199	278
199	286
200	209
200	214
200	230
200	234
200	237
200	240
200	263
200	297
201	229
201	231
201	239
201	251
201	298
202	204
202	212
202	233
202	263
202	268
202	275
202	277
202	281
202	291
203	209
203	276
204	205
204	208
204	233
204	238
204	244
204	262
204	277
204	287
204	297
205	217
205	218
205	227
205	230
205	239
205	263
205	273
205	278
206	215
206	237
206	252
206	253
206	288
207	226
207	238
207	239
207	261
207	264
207	279
207	287
207	288
207	292
208	210
208	235
208	238
208	239
208	258
208	280
208	288
208	298
209	211
209	215
209	217
209	225
209	251
209	262
210	248
210	252
210	271
210	275
210	278
210	279
211	223
211	254
211	259
211	275
211	294
212	233
212	240
212	248
212	253
212	254
212	264
212	283
212	287
213	245
213	254
213	279
213	299
214	216
214	230
214	245
214	252
214	253
214	268
214	272
214	286
214	294
215	219
215	237
215	239
215	248
215	267
215	278
215	290
215	296
216	223
216	230
216	270
216	271
216	289
216	296
217	238
217	242
217	247
217	258
217	263
218	235
218	245
218	259
218	265
218	286
219	228
219	263
219	283
219	293
220	246
220	264
220	281
220	297
221	229
221	235
221	265
221	267
221	289
221	292
221	295
222	228
222	249
222	252
222	273
222	291
223	233
223	236
223	251
223	252
223	253
223	269
223	272
223	281
223	287
224	229
224	241
224	247
224	251
224	258
224	292
225	230
225	246
225	250
225	274
226	227
226	295
227	260
228	240
228	283
228	292
228	295
229	230
229	239
229	263
229	269
229	290
229	297
229	299
230	237
231	234
231	258
231	267
231	282
231	294
232	246
232	260
233	261
233	286
234	240
234	241
234	244
234	276
234	292
235	250
235	262
235	273
235	283
235	287
235	299
236	238
236	245
236	266
236	295
237	241
237	245
237	255
237	256
237	270
238	269
238	280
238	284
238	287
238	295
238	296
238	297
239	264
239	265
239	268
239	269
239	286
239	297
240	295
241	256
241	268
241	278
241	282
241	285
241	286
241	293
241	295
242	297
243	250
243	297
244	269
244	271
244	280
245	274
245	294
246	248
246	260
246	261
246	270
246	289
247	256
247	274
247	287
248	276
248	298
249	275
249	289
249	295
250	272
250	275
251	264
252	267
252	276
252	289
253	267
253	275
253	280
253	281
253	284
253	287
254	272
254	287
254	289
254	295
255	259
255	275
255	296
256	259
256	270
256	274
257	261
257	262
257	288
258	259
259	267
259	276
259	298
260	268
260	298
261	275
261	298
262	274
262	282
262	285
263	266
263	273
263	276
263	280
263	291
263	297
264	285
265	282
266	273
266	286
268	270
268	271
268	280
268	285
269	280
269	286
269	296
270	278
270	299
271	291
271	292
271	295
272	274
272	283
272	284
272	286
272	292
274	292
274	297
276	296
276	297
277	284
278	283
278	292
279	283
279	291
280	290
281	286
281	291
282	293
284	285
285	289
285	291
287	289
288	293
288	297
289	295
290	292
291	299
298	299
