# Undirected graph (each unordered pair of nodes is saved once): datasets/final/300/graph_300_1000.txt
# Undirected Erdos-Renyi random graph.
# Nodes: 300 Edges: 1000
# NodeId	NodeId
0	13
0	118
0	205
0	231
0	237
0	259
0	283
1	6
1	26
1	188
1	255
1	266
1	277
2	82
3	32
3	47
3	59
3	81
3	105
3	114
3	207
3	211
3	267
4	12
4	28
4	93
4	112
4	166
4	203
4	232
4	285
5	19
5	74
5	121
5	152
6	58
6	90
6	134
6	155
6	156
6	172
6	246
6	271
6	290
6	298
7	18
7	68
7	108
7	149
7	278
7	294
7	297
8	125
8	192
8	202
8	207
8	219
8	247
9	77
9	117
9	168
10	194
11	99
11	114
11	146
11	185
11	278
11	282
12	49
12	97
12	178
12	194
12	234
12	256
12	281
12	294
13	33
13	76
13	123
13	157
13	216
13	241
13	249
13	285
14	116
14	214
14	274
14	287
15	66
15	161
15	165
15	197
15	218
15	227
15	282
16	33
16	143
16	195
16	220
16	227
16	266
17	37
17	50
17	62
17	72
17	84
17	178
18	38
18	57
18	89
18	215
18	283
18	294
19	29
19	41
19	136
19	177
19	183
19	289
20	42
20	138
20	168
20	185
20	228
20	249
20	271
20	272
21	26
21	46
21	205
21	294
22	50
22	215
22	266
22	281
23	46
23	78
23	90
23	171
23	187
23	208
23	290
24	56
24	109
24	131
24	132
24	142
24	266
25	104
25	157
25	287
26	45
26	68
26	150
26	222
27	61
27	76
27	124
27	134
27	163
27	169
28	71
28	81
28	87
28	104
28	132
28	154
28	168
28	174
28	212
28	216
28	242
28	246
28	298
29	59
29	67
29	127
29	174
30	81
30	95
30	127
30	175
30	193
30	229
31	36
31	40
31	78
31	126
31	155
31	161
31	253
31	295
32	75
32	110
32	137
32	230
33	63
33	69
33	79
33	85
33	105
33	293
34	35
34	71
34	134
34	209
34	215
34	242
34	247
35	51
35	78
35	102
35	136
35	169
35	176
35	205
35	263
35	290
36	52
36	115
36	155
36	187
36	195
36	201
36	254
37	66
37	104
37	114
37	159
37	188
37	196
37	211
37	264
38	94
38	119
38	167
38	182
38	187
38	280
38	287
39	104
39	118
39	145
39	201
39	203
40	111
40	124
40	168
41	115
41	120
41	157
41	174
41	227
42	47
42	53
42	132
42	164
42	194
42	276
42	282
43	121
43	173
43	206
43	234
43	249
43	282
43	289
44	117
44	162
44	191
44	232
44	284
45	46
45	107
45	154
46	208
46	235
46	251
46	276
47	73
47	105
47	176
47	178
47	187
47	207
47	222
47	246
48	52
48	107
48	139
48	149
48	170
48	179
48	200
49	77
49	128
49	153
49	174
49	196
49	299
50	94
50	107
50	125
50	159
50	189
50	195
51	124
51	142
51	173
52	156
52	284
52	296
53	116
53	299
54	69
54	177
54	201
54	217
54	247
54	254
55	80
55	107
55	134
55	169
55	197
55	241
55	264
55	281
57	141
57	192
58	61
58	113
58	176
58	224
58	237
58	288
58	293
59	63
59	75
59	87
59	120
59	171
59	207
59	290
60	99
60	186
60	207
60	238
60	273
60	286
61	137
61	141
61	247
61	273
62	85
62	115
62	155
62	176
62	196
62	231
63	211
63	247
63	275
63	280
64	71
64	108
64	135
64	253
64	292
65	211
65	240
66	148
66	177
66	187
66	205
66	270
66	278
67	108
67	118
67	229
67	249
67	257
67	268
67	289
68	100
68	172
68	194
68	260
68	294
69	294
70	137
70	274
71	100
71	144
71	181
71	193
71	227
72	89
72	111
72	120
72	213
72	252
72	258
72	292
73	85
73	102
73	110
73	143
73	152
73	164
73	167
73	238
74	86
74	125
74	216
74	262
74	268
74	275
75	131
75	188
75	268
76	85
76	93
76	103
76	116
76	175
76	210
76	272
77	131
77	206
77	287
78	95
78	143
78	161
78	170
78	197
78	222
79	144
79	200
79	239
80	160
80	238
80	240
80	284
81	126
81	151
81	188
81	270
82	120
82	148
82	239
82	256
83	155
83	257
84	87
84	122
84	124
84	188
84	200
84	229
84	253
84	285
85	113
85	126
85	154
85	217
85	256
85	275
85	296
86	94
86	163
86	231
86	259
86	271
86	288
87	176
87	247
87	254
87	266
88	94
88	111
88	271
89	117
89	226
89	229
89	260
90	112
90	120
90	122
90	130
90	136
90	283
91	191
91	212
92	135
92	193
92	208
92	252
92	297
93	130
93	150
93	279
93	288
94	217
94	233
94	240
94	243
94	245
94	269
94	295
95	127
95	173
95	218
96	129
96	161
96	186
96	209
96	280
97	128
97	183
97	229
97	265
97	283
98	154
98	217
99	120
99	130
99	168
99	169
99	231
99	249
99	283
100	127
100	149
100	180
100	245
100	289
101	144
101	254
101	267
101	289
102	126
102	149
102	215
102	235
103	114
103	115
103	117
103	165
103	201
103	203
103	282
103	283
103	288
103	294
104	164
104	165
104	202
104	244
104	281
104	289
105	139
105	143
105	163
105	232
105	285
107	151
107	239
107	241
107	249
108	127
108	187
108	271
108	272
109	128
109	147
109	169
109	174
110	181
110	247
110	256
110	272
110	292
111	191
111	193
111	199
111	236
111	239
111	273
112	158
112	209
112	212
112	238
112	289
112	292
113	122
113	191
113	223
113	239
113	289
114	143
114	205
114	215
114	273
114	287
114	290
114	299
115	136
115	159
115	263
115	275
116	224
116	228
116	288
116	296
117	164
117	168
117	228
117	246
117	258
118	123
118	138
118	257
118	270
119	126
119	136
119	175
119	190
119	230
119	235
119	286
120	156
120	158
120	169
120	182
121	233
121	263
121	270
122	125
122	200
123	140
123	218
123	259
123	268
123	284
124	135
124	164
124	197
124	199
124	268
125	197
125	201
125	223
125	268
126	133
126	136
126	251
126	264
127	266
127	294
128	140
128	187
128	206
128	227
128	243
128	265
128	294
129	133
129	137
129	190
129	234
130	132
130	149
130	165
130	206
130	232
130	270
131	179
131	189
131	241
131	246
131	271
132	159
132	172
132	176
132	222
133	253
133	269
134	165
134	178
134	212
134	227
134	241
134	262
134	264
135	143
135	161
135	164
136	163
136	228
136	259
137	158
137	186
137	283
137	292
138	149
138	175
138	215
138	216
138	274
139	233
139	250
139	281
139	294
140	242
140	275
141	208
141	212
141	232
141	235
141	279
142	147
142	151
142	193
142	251
142	279
143	170
143	245
143	281
144	239
145	156
145	160
145	202
145	215
145	216
145	244
145	254
145	269
146	205
146	238
147	153
147	205
147	217
147	296
148	212
148	293
149	179
149	207
149	245
150	173
150	211
150	218
150	245
150	288
150	293
151	187
151	211
151	223
151	226
152	174
152	222
153	195
153	196
153	199
154	203
154	223
154	229
154	272
155	261
155	290
156	174
156	176
156	261
157	192
158	184
158	205
158	235
158	236
158	239
158	246
158	260
158	273
159	205
160	171
160	194
160	197
161	199
161	214
162	170
162	221
162	236
162	246
162	288
163	167
163	276
164	222
164	241
164	246
164	262
164	272
164	282
165	170
165	210
165	223
165	265
166	182
166	191
166	228
166	235
167	178
167	212
167	231
167	234
167	259
167	265
168	172
168	238
168	287
169	267
169	274
169	295
170	205
170	249
171	238
171	276
171	292
172	228
173	192
173	230
174	205
174	229
175	275
176	211
176	234
176	285
177	222
177	223
178	181
178	215
178	222
178	281
178	284
178	288
179	190
179	215
179	235
179	281
179	296
180	208
180	247
181	204
181	225
181	270
182	235
182	274
182	286
183	188
183	229
184	202
184	231
184	257
184	290
185	232
185	279
185	287
186	247
187	227
187	247
187	249
188	222
188	227
188	264
189	206
189	268
189	297
189	299
190	192
190	270
190	271
191	235
191	262
192	200
192	203
192	257
193	247
193	248
193	253
193	268
194	213
194	229
195	207
195	255
195	265
195	274
195	295
196	251
196	259
197	206
197	230
197	244
198	255
200	266
200	281
201	254
201	277
201	299
202	210
203	242
204	210
204	213
204	258
204	265
204	296
205	259
206	251
206	274
207	264
207	295
208	283
209	231
210	213
211	258
211	276
212	270
213	256
213	264
214	247
214	248
216	235
216	273
217	279
217	287
219	244
219	253
219	287
220	299
221	292
224	253
225	266
226	243
227	253
227	282
227	288
227	294
228	238
228	261
229	231
230	239
230	292
231	238
231	281
232	299
233	253
233	269
235	241
235	256
236	262
238	247
238	288
239	251
239	286
240	253
240	279
240	284
241	259
243	267
243	268
245	298
247	299
248	295
249	251
249	256
249	273
250	289
252	278
254	261
254	274
255	299
256	271
256	282
258	291
259	291
264	270
265	282
269	283
270	284
271	282
272	273
272	276
275	276
277	293
279	294
280	292
284	291
284	296
286	297
288	294
289	293
289	294
292	297
