# Undirected graph (each unordered pair of nodes is saved once): datasets/final/200/graph_200_750.txt
# Undirected Erdos-Renyi random graph.
# Nodes: 200 Edges: 750
# NodeId	NodeId
0	19
0	61
0	72
0	107
0	121
0	196
0	198
1	59
1	65
1	159
1	161
1	176
1	199
2	16
2	78
2	110
2	132
2	154
2	164
2	191
3	24
3	37
3	65
3	91
3	108
3	153
3	161
4	27
4	71
4	106
4	112
4	161
4	169
5	23
5	25
5	26
5	49
6	10
6	32
6	60
6	113
6	175
6	191
6	196
7	10
7	16
7	84
7	103
8	66
8	101
8	130
8	153
8	160
8	195
9	27
9	40
9	65
9	93
9	100
9	128
9	199
10	18
10	47
10	70
10	112
10	138
10	144
11	53
11	70
11	80
11	99
11	107
11	109
11	128
12	59
12	67
12	73
12	94
12	108
12	129
12	141
12	155
12	174
13	50
13	75
13	87
13	94
13	157
14	37
14	56
14	76
14	84
14	94
14	133
14	152
14	199
15	22
15	53
15	72
15	81
15	85
15	105
15	173
16	20
16	28
16	47
16	82
16	86
16	98
16	136
16	139
16	156
16	180
17	44
17	98
17	104
17	140
17	180
18	34
18	120
18	126
18	141
18	162
18	183
18	187
18	196
19	29
19	81
19	113
19	133
19	190
19	198
20	77
20	80
20	123
20	135
20	145
20	150
20	156
20	182
21	25
21	33
21	38
21	157
21	159
21	169
21	172
22	51
22	110
22	147
23	88
23	116
23	148
23	158
23	170
24	42
24	43
24	89
24	103
24	144
24	147
24	149
24	178
24	182
25	42
25	120
25	153
25	195
26	52
26	120
26	128
26	182
26	199
27	38
27	74
27	84
27	104
27	112
27	142
27	147
27	191
27	197
28	102
28	115
28	145
28	153
28	173
29	32
29	50
29	66
29	73
29	96
29	163
29	182
29	192
30	31
30	59
30	124
30	140
31	34
31	36
31	64
31	72
31	143
31	148
31	162
31	169
32	54
32	58
32	69
32	93
32	97
32	139
32	153
32	160
33	39
33	53
33	66
33	68
33	105
33	106
33	152
33	169
34	39
34	53
34	69
34	81
34	86
34	103
34	127
34	164
34	165
34	180
34	187
35	64
35	71
35	104
35	139
35	184
35	197
35	199
36	69
36	72
36	107
36	166
37	87
37	113
37	118
37	126
37	151
37	158
37	170
37	178
38	63
38	98
38	138
38	154
38	156
38	161
38	189
39	41
39	136
40	112
40	180
41	117
41	149
41	194
42	46
42	47
42	76
42	87
42	100
42	102
42	109
42	128
42	134
42	140
42	147
42	152
42	161
42	172
42	173
42	188
43	67
43	95
43	133
43	147
43	173
44	55
44	57
44	100
44	102
44	107
44	108
44	137
44	153
44	168
45	51
45	67
45	85
45	113
45	188
46	51
46	98
46	99
46	111
46	126
46	141
46	153
46	176
46	177
46	184
47	71
47	135
47	142
47	144
47	193
48	56
48	60
48	79
48	102
48	122
48	185
48	189
49	54
49	60
49	66
49	73
49	111
49	143
49	147
49	177
50	73
50	90
50	104
50	111
50	122
50	159
51	109
51	127
51	189
52	59
52	62
52	74
52	100
52	111
52	127
52	128
52	144
52	169
53	62
53	87
53	95
53	120
53	138
53	157
54	67
54	102
54	123
54	165
54	173
54	176
55	58
55	100
55	165
55	167
55	174
56	59
56	88
56	114
56	195
57	71
57	110
57	175
58	65
58	120
58	169
59	94
59	107
60	67
60	76
60	81
60	83
60	104
60	111
60	124
60	136
60	159
60	188
61	69
61	75
61	143
61	158
61	169
62	97
62	116
62	141
62	181
63	113
63	147
63	192
63	196
64	134
64	151
64	167
65	67
65	79
65	82
65	93
65	117
65	144
66	71
66	85
66	87
66	111
66	121
66	173
66	182
67	127
67	139
67	141
67	173
67	197
68	136
68	169
68	173
68	179
68	186
69	86
69	117
69	146
69	166
69	182
70	72
70	98
70	141
70	143
70	179
70	198
71	75
71	78
71	106
71	140
71	144
71	169
71	192
72	88
72	132
72	151
72	167
73	78
73	133
74	105
74	110
74	138
74	139
74	147
74	184
74	186
75	85
75	87
75	117
75	123
75	128
75	132
75	182
75	188
75	192
76	121
76	170
76	177
76	193
76	198
77	138
77	142
77	148
77	168
77	178
77	196
78	81
78	112
78	113
78	117
79	109
79	114
79	153
79	161
79	183
80	84
80	85
80	173
80	197
81	82
81	118
81	135
81	145
81	153
81	163
81	178
81	182
82	107
82	159
82	179
83	88
83	133
83	162
83	172
83	182
83	190
84	188
85	97
85	149
85	163
85	199
86	179
87	96
87	110
87	118
87	140
87	178
88	112
88	131
88	168
89	120
90	120
90	123
90	125
90	162
90	190
91	161
91	170
92	97
92	105
92	107
92	116
92	131
92	137
92	155
92	195
93	120
93	142
93	147
93	150
93	159
93	160
93	173
94	104
94	113
94	186
95	100
95	105
95	109
95	111
95	177
95	190
95	196
96	105
96	121
96	198
97	106
97	130
97	154
98	110
98	127
99	147
99	150
99	156
99	181
99	184
100	111
100	136
100	138
100	163
101	123
101	166
101	179
102	108
102	168
102	171
102	175
103	118
104	107
104	122
104	159
104	195
105	143
105	158
105	159
105	166
105	185
105	199
107	131
107	161
107	170
108	131
108	148
108	171
109	111
109	125
109	163
109	192
112	116
112	135
112	137
112	151
112	158
112	161
113	163
113	186
114	125
114	177
114	178
115	122
115	180
116	137
116	138
116	153
116	156
116	158
117	131
117	146
117	151
117	155
117	167
117	168
117	194
118	135
118	163
119	123
119	147
119	161
119	176
119	187
119	193
120	170
120	180
120	182
120	186
121	132
121	192
121	195
122	136
123	125
123	150
123	164
123	179
124	151
124	153
124	183
125	164
125	170
125	191
126	149
126	197
127	171
127	184
128	147
128	179
129	145
129	174
130	152
130	175
130	186
130	194
131	161
131	187
131	197
132	145
132	177
133	137
133	152
133	171
133	185
134	136
134	171
135	190
136	143
136	145
136	152
137	140
137	189
138	166
138	169
139	154
139	184
140	170
141	153
143	168
143	185
144	176
145	148
145	167
146	152
146	157
146	196
147	190
148	184
149	177
150	166
150	183
150	189
151	176
151	190
152	176
152	180
153	168
153	170
154	161
154	168
154	198
155	161
156	157
156	163
157	188
158	178
158	195
158	199
159	173
159	184
159	194
160	162
160	166
160	171
160	186
161	163
161	178
161	195
162	197
163	171
166	171
166	195
167	172
169	176
169	199
170	176
171	186
172	176
172	191
174	175
175	199
176	186
178	199
179	184
179	195
182	186
186	193
186	199
191	198
192	199
195	199
