# Undirected graph (each unordered pair of nodes is saved once): datasets/final/200/graph_200_500.txt
# Undirected Erdos-Renyi random graph.
# Nodes: 200 Edges: 500
# NodeId	NodeId
0	60
0	103
0	157
1	109
1	117
1	122
1	157
2	114
2	123
2	154
2	169
2	186
3	4
3	140
3	142
3	183
4	22
4	26
4	53
5	35
5	42
5	44
5	49
5	96
5	118
6	39
6	73
6	178
7	45
7	52
7	65
7	108
7	163
7	187
8	55
8	88
8	133
8	135
8	162
8	166
9	13
9	17
9	18
9	20
9	26
9	87
9	117
9	129
9	148
9	161
9	167
10	41
10	64
10	87
10	89
10	117
10	131
10	147
10	149
10	161
10	173
11	83
11	113
11	126
12	20
12	65
12	95
12	157
13	41
13	103
13	166
13	172
14	142
14	155
14	157
14	172
15	29
15	30
15	59
15	70
15	79
16	48
16	78
16	81
16	154
16	162
17	19
17	20
17	41
17	100
17	112
17	118
17	137
17	179
17	188
18	99
18	106
18	176
18	199
19	25
19	34
19	41
19	44
19	53
19	73
19	82
19	135
19	160
19	165
19	194
19	195
20	91
20	108
20	109
21	56
22	25
22	30
22	51
22	63
22	79
22	96
23	34
23	40
23	108
24	54
24	70
24	94
24	114
24	121
24	151
24	179
24	185
24	187
25	43
25	73
25	195
26	115
26	147
26	158
27	51
27	56
27	70
27	75
27	87
27	140
27	198
28	61
28	79
28	122
28	154
29	36
29	69
29	161
30	73
30	93
30	169
30	191
31	81
31	83
31	110
31	139
31	159
31	172
31	184
32	49
32	50
32	81
32	111
33	115
33	183
33	184
33	195
33	199
34	43
34	52
34	98
34	132
34	149
35	36
35	51
35	120
35	180
36	57
36	66
36	120
36	183
37	41
37	95
37	113
37	148
37	150
37	169
38	71
38	80
38	105
38	137
38	174
38	188
39	91
39	144
39	182
40	66
40	186
40	189
41	43
41	87
41	173
42	89
42	139
42	176
43	106
44	84
44	148
45	92
45	161
45	163
45	185
46	84
46	147
46	172
46	178
47	67
47	104
47	118
48	107
48	123
48	131
48	169
49	116
49	128
49	195
50	164
50	182
51	69
51	87
51	124
51	141
51	181
51	184
52	127
52	151
53	118
53	130
53	142
53	165
53	171
54	113
54	126
54	159
54	179
55	116
56	142
56	165
57	64
57	100
57	198
58	122
58	144
59	67
59	112
59	114
60	127
60	137
60	180
61	62
61	134
61	185
62	95
62	105
62	170
62	175
64	105
64	127
64	171
64	182
65	102
66	145
67	190
68	97
68	161
69	78
69	127
69	150
69	180
70	90
70	99
70	117
70	156
71	128
71	157
72	81
72	168
73	101
73	107
73	118
73	126
73	127
73	129
73	165
74	123
74	160
74	184
74	188
75	105
76	105
76	196
77	130
77	152
77	155
77	183
78	110
78	147
79	85
79	89
79	103
79	165
80	168
80	198
81	91
81	123
81	188
81	195
81	199
82	137
82	177
83	107
83	118
83	120
83	127
83	163
84	127
85	121
85	135
85	136
85	138
85	171
87	137
87	142
87	190
88	95
88	171
88	183
88	191
89	105
89	108
89	145
90	114
90	135
90	144
90	181
91	197
92	115
92	128
93	126
93	129
93	148
93	182
94	163
94	180
95	115
96	113
96	123
96	146
96	187
97	129
98	127
98	153
98	156
98	174
98	190
99	129
99	177
99	180
101	115
101	135
102	111
102	135
102	139
102	175
102	177
103	170
104	159
104	197
105	128
105	139
105	146
105	183
105	187
105	193
105	194
106	122
106	144
106	188
107	130
107	153
108	149
108	175
108	180
109	123
109	129
109	137
109	177
109	180
110	140
110	143
111	133
111	181
113	157
113	197
114	125
114	144
115	195
116	189
116	190
117	171
117	177
117	197
118	144
118	165
118	169
120	144
120	153
120	175
121	127
121	144
121	193
122	166
123	156
123	176
124	146
125	137
125	159
127	133
127	186
129	146
129	165
129	196
129	199
131	139
131	182
131	196
132	187
132	192
132	193
132	195
134	146
134	170
134	191
134	193
136	175
137	191
138	159
140	153
141	195
142	157
142	165
143	182
143	191
144	164
145	188
146	177
147	154
147	167
147	176
147	190
148	162
148	166
149	190
151	172
152	176
154	174
154	191
155	171
155	186
156	189
156	190
157	191
158	195
159	188
159	190
160	180
162	164
162	179
163	188
165	186
167	173
167	182
169	184
170	175
171	189
173	199
175	181
175	199
176	179
179	199
182	199
185	188
186	192
187	197
193	196
