# Undirected graph (each unordered pair of nodes is saved once): datasets/final/200/graph_200_250.txt
# Undirected Erdos-Renyi random graph.
# Nodes: 200 Edges: 250
# NodeId	NodeId
1	56
1	142
2	85
2	145
2	199
3	25
3	150
3	172
4	129
4	188
5	77
5	131
5	142
6	68
6	85
6	96
6	143
7	69
7	74
8	79
8	101
8	124
8	130
8	134
8	155
8	171
8	199
9	29
9	62
9	79
10	58
10	96
10	107
10	110
10	133
11	149
12	180
13	43
13	104
14	162
15	75
15	157
16	144
18	96
18	152
19	24
19	141
21	133
21	170
22	50
22	75
22	93
22	131
22	134
23	48
23	103
23	169
24	181
25	87
25	170
26	38
26	163
26	164
27	52
27	186
28	129
28	151
29	62
29	118
29	137
29	148
29	169
30	59
30	88
30	116
30	126
30	189
33	60
34	115
34	158
35	56
35	154
35	164
36	49
36	74
36	145
36	177
37	97
37	148
38	54
38	75
38	103
38	154
38	182
38	190
39	159
40	49
40	59
40	177
41	48
42	44
42	141
43	101
43	198
44	192
45	99
46	66
46	159
46	186
47	111
47	165
48	101
48	117
49	119
50	122
51	142
52	147
52	166
53	57
53	138
53	182
54	109
56	162
56	175
57	147
57	174
58	160
58	166
59	64
59	114
61	82
61	162
61	173
62	134
63	162
63	167
63	177
64	65
64	182
64	193
65	92
65	97
66	94
66	108
66	118
68	118
68	192
69	108
69	120
69	162
70	89
70	129
71	144
72	91
72	142
73	100
74	132
74	141
75	85
75	116
76	132
77	87
77	95
77	98
77	173
78	110
78	192
79	134
80	96
80	167
81	148
82	157
84	94
86	168
86	189
88	129
88	169
90	94
90	116
90	130
90	139
90	197
91	135
92	136
93	107
93	176
94	140
94	174
96	116
96	195
100	118
101	103
102	153
104	136
105	185
105	186
106	172
111	178
111	193
114	142
114	185
115	172
115	183
116	156
116	194
117	159
118	156
118	167
119	160
119	168
120	154
120	191
121	129
122	152
122	196
124	139
125	175
126	138
129	149
130	173
131	156
132	180
133	137
134	142
134	175
134	196
136	163
137	180
138	156
139	142
142	147
142	178
144	198
146	157
146	170
152	190
157	194
158	160
162	182
163	175
165	177
167	185
169	192
170	188
175	188
181	188
181	189
182	184
183	187
184	198
