# Undirected graph (each unordered pair of nodes is saved once): datasets/final/1000/graph_1000_1500.txt
# Undirected Erdos-Renyi random graph.
# Nodes: 1000 Edges: 1500
# NodeId	NodeId
0	124
0	526
0	541
0	591
0	739
1	275
1	605
1	660
1	988
2	856
3	354
3	376
3	689
3	891
4	200
4	275
4	318
4	378
4	405
4	677
5	423
5	486
5	741
6	159
6	456
6	482
6	694
6	721
6	788
6	826
6	879
7	18
7	775
8	147
8	546
8	696
9	30
9	572
10	359
10	898
11	244
11	304
11	697
11	919
12	218
14	173
14	287
14	920
15	264
15	566
15	803
15	892
16	496
17	126
17	136
17	786
18	744
19	870
19	917
20	799
20	954
21	288
21	386
21	417
21	892
22	620
22	834
22	964
23	893
24	227
24	963
25	417
25	445
25	781
26	617
26	827
26	981
27	79
28	620
29	266
29	695
29	732
29	782
30	270
30	461
31	331
31	419
31	420
31	452
31	572
31	744
31	911
32	86
32	498
32	537
32	934
33	360
33	401
33	642
33	842
34	270
35	334
35	934
36	319
36	367
37	104
37	107
37	403
37	689
37	727
38	295
38	766
39	685
39	876
40	483
42	161
42	878
43	222
43	573
43	615
43	909
44	371
44	427
44	463
44	697
44	800
45	184
45	395
45	884
46	274
46	527
46	748
46	851
46	946
47	236
47	333
47	636
47	706
48	477
48	907
49	53
49	351
49	363
49	612
49	733
49	825
49	959
50	311
50	864
51	393
51	618
52	299
52	536
53	158
53	186
53	206
53	480
53	516
53	593
53	841
54	221
54	631
55	370
56	614
57	276
57	308
57	432
57	442
57	907
58	549
58	597
58	949
58	973
59	340
60	267
60	296
60	768
60	993
62	187
62	640
63	74
64	122
64	338
64	467
64	545
65	933
66	112
66	328
68	211
68	971
69	493
69	579
69	648
69	655
70	350
70	398
70	548
70	941
71	351
71	657
72	162
72	235
72	540
72	838
73	158
74	613
74	774
74	780
75	218
75	387
75	580
75	695
75	776
76	479
76	698
78	98
78	483
78	524
79	592
80	186
80	507
80	554
80	793
81	176
82	341
82	435
82	882
83	139
83	289
83	308
84	222
84	223
84	406
84	886
84	976
85	123
85	203
85	211
85	851
85	862
85	882
85	890
86	186
86	487
86	963
86	977
87	236
87	313
87	980
87	994
88	111
88	176
88	200
88	663
88	732
88	862
89	145
90	125
90	297
90	306
90	360
90	384
90	464
90	598
90	645
91	270
91	392
91	908
91	970
92	130
92	552
93	548
93	765
93	784
93	877
94	457
94	540
94	717
94	820
95	234
95	822
96	421
96	425
96	788
99	517
99	922
100	318
100	451
100	500
100	647
101	371
102	482
102	519
102	674
103	588
103	726
103	951
104	314
104	747
105	565
105	594
105	856
106	228
106	281
106	427
106	593
106	948
107	234
107	920
108	143
108	583
108	758
108	829
108	997
109	193
109	212
109	216
109	604
110	930
110	949
110	976
111	347
111	747
111	826
111	909
111	937
112	383
112	532
112	963
113	228
113	539
113	837
113	914
114	642
114	911
115	687
116	206
116	220
116	339
116	553
116	555
116	729
117	522
117	615
117	948
117	978
118	627
119	420
120	725
121	266
123	965
124	128
124	685
125	132
125	200
125	315
125	612
125	901
126	198
126	359
126	395
126	517
127	419
127	814
128	249
129	686
129	725
130	379
130	445
130	526
130	639
131	359
131	451
132	269
132	517
132	754
132	892
133	226
133	607
133	633
133	756
134	760
134	955
134	987
135	905
136	425
136	499
136	565
136	587
136	715
136	718
136	831
137	480
137	499
137	755
138	493
138	795
139	413
139	665
140	613
140	674
141	282
141	991
142	881
143	379
143	528
143	725
144	178
144	697
145	222
146	302
147	308
147	348
147	668
147	794
148	164
148	544
148	631
148	665
149	590
149	823
150	717
150	752
151	926
152	721
152	881
153	799
154	480
155	456
155	818
156	305
156	672
156	810
157	276
157	294
157	777
157	966
158	164
158	959
160	362
160	401
160	729
160	789
160	893
161	756
161	896
161	975
162	251
162	374
163	173
163	249
163	720
164	356
164	620
164	741
164	802
164	803
165	256
165	795
166	348
166	400
166	871
167	233
167	571
167	596
167	928
168	238
168	387
169	340
169	908
170	367
170	554
170	765
170	771
172	610
172	971
173	477
173	506
173	585
173	903
174	782
174	847
174	850
174	910
175	964
176	211
176	538
176	737
177	993
178	194
178	208
178	373
179	574
180	314
182	683
182	692
183	874
184	472
185	373
186	356
186	810
186	960
187	262
188	221
188	612
188	815
189	286
189	486
189	797
189	867
190	250
190	687
190	941
191	196
191	479
191	920
192	641
192	682
192	766
193	356
193	376
193	987
194	239
194	669
194	674
194	990
196	522
197	288
197	547
198	735
198	747
199	510
201	460
201	497
201	842
201	858
202	496
203	318
203	706
203	766
203	784
204	831
204	983
206	735
207	574
208	808
209	536
209	656
210	212
210	220
210	528
210	794
210	907
211	218
211	337
211	450
211	462
211	504
211	569
212	511
212	526
213	255
213	423
214	258
214	440
214	504
216	480
216	703
216	738
216	870
217	250
217	578
217	736
218	313
218	649
218	866
218	890
219	248
219	839
219	966
221	391
221	436
222	275
222	839
222	939
223	304
223	433
223	827
223	873
223	886
223	888
223	921
224	283
224	609
225	314
225	612
226	286
227	309
227	498
227	844
228	323
228	387
228	490
228	561
228	838
229	319
229	343
229	415
229	425
229	959
230	547
232	268
232	563
232	802
232	839
232	944
233	437
233	549
233	673
233	744
233	885
233	909
234	348
234	395
234	765
234	817
234	885
235	427
235	715
237	354
238	569
239	426
239	966
240	485
240	494
240	809
240	999
241	443
241	837
242	707
242	875
243	407
243	693
243	798
243	881
244	790
244	937
245	620
245	643
245	770
246	659
246	790
248	455
248	562
248	563
248	748
250	644
250	958
251	431
252	512
252	575
253	917
254	773
254	904
255	348
256	516
256	873
257	458
258	943
260	469
260	658
261	373
261	392
261	437
261	477
261	510
261	717
261	755
261	898
262	540
264	482
264	600
265	551
266	591
266	967
267	795
268	390
268	537
269	365
269	513
270	671
270	847
270	985
271	550
271	670
271	831
272	461
272	575
272	580
272	672
272	703
273	425
273	484
273	786
274	581
275	753
275	863
276	523
276	579
276	871
277	376
277	476
277	768
277	920
277	941
278	510
278	687
278	822
278	911
279	345
280	365
280	553
281	608
282	597
282	854
284	511
285	384
286	298
286	352
286	803
287	507
287	546
288	518
288	677
289	368
289	385
289	424
289	475
290	321
290	336
290	969
291	939
292	537
292	877
293	522
293	575
293	659
294	682
294	886
294	941
295	804
295	985
295	998
296	312
297	374
298	398
299	365
299	615
300	324
300	583
300	793
300	894
301	457
302	616
302	936
302	973
303	620
303	673
303	707
304	308
304	753
304	882
305	697
305	712
305	728
305	735
307	367
307	461
307	830
307	948
307	962
308	376
308	791
309	408
310	480
310	852
310	931
311	548
312	408
313	356
313	546
313	713
313	722
313	842
314	359
314	362
314	590
315	910
316	919
317	512
318	813
319	446
319	501
319	582
320	459
320	462
320	825
322	615
322	711
322	895
323	395
324	481
324	730
324	979
325	411
326	373
326	440
327	361
327	668
327	948
328	543
328	712
328	743
328	933
329	626
331	494
331	930
331	993
332	436
332	451
332	941
333	855
334	367
334	400
334	631
335	659
336	340
336	540
336	617
336	746
336	967
337	398
339	461
340	814
340	918
341	618
342	374
342	853
343	415
343	664
343	774
343	860
344	664
344	812
344	836
345	954
346	891
348	483
348	709
349	883
350	625
351	393
352	481
352	924
353	502
353	617
355	574
357	367
358	625
359	830
359	855
361	635
361	695
364	555
364	627
364	914
365	619
365	690
365	728
366	504
367	389
367	904
368	634
368	829
368	953
369	714
369	802
373	573
373	773
374	712
375	976
376	385
376	407
376	600
376	734
377	601
377	621
377	815
378	781
378	943
380	404
380	942
381	616
383	557
385	533
385	567
386	401
386	530
386	710
387	393
387	494
387	619
387	624
387	677
388	502
388	659
388	801
390	430
391	488
391	546
391	597
392	449
392	680
392	699
392	789
392	908
393	887
393	963
394	721
394	832
394	903
395	740
396	638
397	623
397	657
397	695
399	784
399	857
399	982
399	994
400	522
400	584
400	625
400	641
401	558
401	590
402	511
402	729
402	733
402	794
403	566
405	606
405	708
405	826
405	926
405	980
406	575
406	786
406	845
407	655
408	830
409	440
409	901
409	965
410	748
411	426
411	494
411	724
411	736
412	585
412	590
413	700
414	639
415	493
415	779
416	492
416	696
416	697
417	508
417	854
418	492
419	440
420	622
420	763
421	480
422	578
422	858
423	576
423	781
423	793
424	448
425	434
425	454
425	808
426	546
427	429
427	833
427	886
428	517
428	594
429	807
431	615
431	666
432	791
432	882
433	555
433	880
434	516
434	860
435	505
435	552
435	940
436	551
436	738
436	787
436	830
436	971
439	570
439	571
439	656
439	905
440	486
440	516
441	642
442	977
444	811
445	543
445	577
445	647
445	688
445	813
445	943
447	503
447	696
448	470
448	477
448	614
448	619
449	638
450	729
451	723
451	797
452	791
453	673
453	766
454	917
455	735
458	889
459	556
459	603
460	566
460	669
460	892
461	699
461	953
461	965
463	591
463	987
465	893
466	654
467	510
467	636
467	682
467	718
467	826
468	800
468	948
471	526
471	929
472	965
474	895
474	962
475	701
475	748
475	807
475	867
477	505
478	520
478	730
478	859
479	713
480	503
480	747
481	862
482	541
482	830
483	764
484	591
484	850
485	826
486	505
487	669
488	519
488	980
489	934
490	847
491	589
491	796
492	848
495	553
495	769
496	599
496	808
497	599
497	691
498	543
498	594
499	573
500	957
502	823
503	841
503	975
504	875
504	946
504	978
505	539
505	751
506	747
508	982
509	831
510	627
510	792
510	927
511	758
513	667
513	938
514	765
514	938
515	652
517	616
517	626
517	855
517	886
518	771
519	657
519	804
519	959
520	897
521	562
521	655
522	856
527	694
528	696
528	838
528	999
529	617
529	646
529	894
530	655
530	972
531	773
531	835
531	882
534	613
534	908
535	657
535	781
535	804
536	560
537	961
538	620
539	888
540	565
541	714
541	743
541	803
543	740
543	863
543	893
547	630
547	642
548	712
548	949
549	805
549	901
552	560
552	672
552	711
552	715
552	985
553	782
553	938
554	614
555	696
555	797
555	936
555	982
556	937
558	591
558	897
559	614
561	820
561	924
562	614
563	588
563	852
563	874
564	793
566	598
566	946
567	635
568	635
569	948
570	647
571	988
571	992
573	870
575	654
576	630
577	811
577	929
579	912
579	920
579	970
580	586
580	905
581	688
582	823
584	747
586	928
587	632
588	924
589	654
592	929
594	688
596	772
596	827
600	731
601	785
602	895
604	688
604	716
604	779
604	970
605	716
605	731
606	611
607	925
608	621
608	754
609	756
609	883
610	804
611	934
611	962
613	897
616	888
617	715
617	778
618	799
618	943
619	691
619	907
619	920
620	829
620	852
622	788
623	709
624	710
626	790
626	899
626	963
627	813
630	750
630	804
630	858
630	894
631	780
634	655
634	836
635	676
635	746
636	645
636	856
637	805
638	764
638	791
638	827
640	900
640	993
641	764
641	886
641	898
642	683
642	706
642	964
643	744
644	835
645	905
645	951
647	864
647	892
649	707
650	776
651	764
651	823
652	664
652	817
653	701
653	817
654	662
654	911
657	968
658	760
658	902
659	732
659	820
659	900
660	782
662	963
663	800
663	872
664	745
664	766
664	873
665	669
667	764
667	787
667	829
668	885
668	966
669	739
671	904
672	820
672	843
672	869
673	700
673	911
675	678
675	909
676	822
676	910
677	790
678	967
679	884
680	930
682	932
683	968
684	723
684	803
688	726
689	761
690	781
690	908
690	978
693	746
694	876
694	907
694	959
696	852
696	887
696	909
697	944
699	734
699	875
701	987
702	932
705	785
705	922
705	956
708	791
709	794
709	832
709	896
713	742
714	822
715	740
716	900
717	832
717	903
718	818
718	886
721	733
721	841
722	946
723	738
725	959
726	795
726	985
728	795
728	819
730	932
730	993
731	924
732	844
732	848
734	912
734	991
735	800
735	812
736	789
736	898
737	892
738	769
738	770
740	785
740	791
740	920
742	884
746	794
746	987
748	778
749	962
751	794
751	940
751	967
753	803
753	809
754	845
756	830
756	891
757	961
758	933
758	963
759	767
761	882
765	839
766	808
766	986
767	991
768	963
768	978
769	870
771	923
773	824
780	826
781	800
783	819
785	928
786	836
788	974
790	894
791	861
791	957
792	999
793	825
795	947
797	816
797	942
800	896
800	972
804	818
804	934
805	868
808	922
809	905
809	933
811	939
812	856
813	888
814	836
816	921
818	895
819	960
820	965
823	913
826	987
828	952
829	925
830	944
830	948
835	884
836	886
837	918
837	965
839	987
841	978
843	858
844	875
844	932
848	904
848	924
853	966
857	910
857	973
860	979
861	875
861	900
861	969
869	906
871	990
873	931
876	902
887	961
889	941
890	921
895	936
901	930
903	925
904	954
908	925
909	952
909	962
910	919
913	993
916	942
916	976
945	969
953	975
956	975
