# Undirected graph (each unordered pair of nodes is saved once): datasets/final/1000/graph_1000_2000.txt
# Undirected Erdos-Renyi random graph.
# Nodes: 1000 Edges: 2000
# NodeId	NodeId
0	137
0	158
0	688
1	420
1	461
1	812
2	136
2	185
2	377
2	428
2	492
2	733
3	109
3	418
3	876
4	97
4	643
4	652
4	812
4	823
4	857
5	90
5	253
5	775
5	817
5	834
5	998
6	53
6	68
6	501
6	548
6	554
7	315
7	766
7	838
7	936
8	130
8	142
8	413
8	622
8	804
9	184
9	215
9	284
9	400
9	671
9	901
9	903
9	918
10	508
10	873
11	232
11	502
11	555
11	594
12	123
12	261
12	568
12	906
12	940
12	957
13	112
13	150
13	251
13	310
13	379
13	734
13	753
13	853
14	491
14	555
14	627
14	663
14	997
15	122
15	724
16	400
16	442
16	721
17	32
17	411
17	490
17	546
18	641
18	742
18	808
18	961
19	218
19	248
19	308
19	366
19	789
19	837
19	911
19	922
20	113
20	900
20	917
21	320
21	497
21	562
21	923
22	221
22	369
22	429
23	278
23	541
23	613
23	681
23	908
24	191
24	230
24	434
24	661
24	691
25	333
25	507
25	612
25	932
26	42
26	101
26	124
27	748
28	75
28	105
28	429
28	440
28	545
28	628
28	693
29	714
29	733
29	844
30	48
30	756
30	988
31	206
31	377
31	510
31	628
31	688
31	849
31	898
32	137
32	319
32	412
32	637
32	755
33	186
33	405
33	573
33	697
33	956
34	53
34	171
34	172
34	325
34	467
34	637
34	707
34	876
35	330
35	395
35	434
36	69
36	129
36	340
36	545
36	729
36	828
36	940
36	957
37	274
37	392
37	807
37	833
37	916
37	961
38	78
38	553
38	774
39	222
39	685
39	695
39	773
40	553
40	669
41	94
41	100
41	243
41	318
41	439
41	656
42	217
43	151
43	232
43	477
43	531
44	624
44	645
45	264
45	884
46	52
46	132
46	137
46	208
46	948
47	81
47	205
47	476
47	551
47	565
47	696
47	832
47	892
48	213
48	359
48	507
48	932
48	941
49	336
49	585
49	812
50	125
50	312
50	560
50	850
50	947
51	52
51	139
51	163
51	178
51	472
52	352
52	533
53	122
53	364
53	526
53	546
53	617
53	900
54	525
54	553
54	689
55	75
55	254
55	384
55	432
55	675
56	127
56	148
56	176
56	182
56	363
56	710
56	752
56	849
56	923
56	993
57	592
57	633
57	830
58	61
58	139
58	260
58	506
58	548
58	763
58	906
59	192
59	249
59	301
59	800
60	258
60	403
60	449
60	588
60	733
61	82
61	188
61	462
61	642
61	827
62	417
62	536
63	202
63	238
63	466
63	503
63	745
63	748
64	724
64	846
64	893
64	971
65	751
65	925
65	943
65	961
66	105
66	361
66	432
67	235
67	379
67	450
67	466
67	528
67	748
67	873
68	120
68	874
69	249
69	260
69	454
69	467
69	759
69	809
70	710
70	949
71	290
71	298
71	307
71	759
71	816
72	232
72	309
72	635
72	907
73	90
73	270
73	310
73	483
74	600
74	685
75	208
75	518
75	805
76	176
76	516
76	914
77	194
77	813
78	482
78	614
78	782
78	990
79	305
79	607
80	127
80	627
81	100
81	311
81	555
81	908
81	927
82	679
82	966
83	195
83	204
83	274
83	743
83	775
83	864
83	867
84	678
84	703
85	364
85	663
86	240
87	276
87	530
88	162
88	214
88	323
88	419
88	429
88	467
89	151
89	170
89	322
89	607
89	730
90	256
90	262
90	548
90	792
91	260
91	810
91	892
91	999
92	932
93	185
93	384
93	436
94	162
94	399
94	847
94	917
94	964
94	998
95	309
95	571
95	663
95	736
95	751
95	856
96	148
96	620
97	123
97	241
97	291
97	466
97	480
97	744
97	791
97	878
98	624
98	672
98	776
99	985
100	124
100	469
100	495
100	576
100	906
101	296
101	416
101	622
102	185
102	540
102	756
103	533
104	180
104	182
104	323
104	375
104	581
104	632
104	854
104	921
105	393
105	609
105	828
106	234
106	492
106	961
107	269
107	339
107	613
107	674
107	981
108	275
108	462
108	700
108	778
109	243
109	302
110	486
110	603
110	604
110	905
111	288
111	413
112	568
113	238
113	357
113	414
113	647
115	196
115	444
115	802
115	805
116	122
116	341
116	725
116	746
116	748
116	830
116	974
117	125
117	337
118	340
118	717
119	231
119	405
119	471
119	571
119	626
119	832
119	970
120	544
121	190
121	290
121	569
121	851
121	876
122	329
122	455
122	515
122	625
123	223
123	412
123	539
124	274
124	450
124	798
125	225
125	252
125	505
125	693
126	556
127	236
127	692
127	912
128	255
128	315
129	268
129	558
129	559
129	570
129	795
129	912
130	275
130	774
130	807
130	868
131	306
131	356
131	497
131	611
131	741
132	374
132	913
133	235
133	259
133	270
133	318
133	497
133	821
133	990
134	622
134	790
134	892
135	234
135	416
136	735
137	158
137	385
137	559
137	580
137	902
138	337
139	229
139	452
139	990
140	324
140	424
140	823
140	864
142	147
142	736
143	213
143	365
144	174
144	220
144	334
144	342
144	446
144	616
144	876
144	976
145	834
145	979
146	300
146	703
146	910
147	497
147	536
147	693
147	837
147	974
148	220
148	437
148	527
148	734
148	890
149	241
149	390
149	456
149	665
149	896
150	337
150	391
150	439
150	745
152	153
152	618
153	665
154	250
154	445
154	595
154	717
154	906
155	392
155	876
156	521
156	578
156	754
156	820
157	158
157	796
157	835
157	906
157	907
157	996
158	473
159	829
159	943
159	982
160	178
160	261
160	360
160	576
160	722
161	200
161	332
161	353
161	657
161	907
162	323
162	719
163	305
163	326
163	576
163	871
163	909
164	345
164	439
164	450
164	604
164	670
164	801
165	515
165	627
165	651
165	848
165	916
166	235
166	347
166	794
166	870
166	875
167	206
167	402
167	589
167	616
168	546
168	592
168	631
168	852
169	243
169	291
169	391
169	423
169	765
169	770
170	694
170	923
170	929
170	936
171	293
171	403
171	941
172	322
173	293
173	307
173	463
173	563
173	690
173	703
173	872
173	904
173	994
174	455
174	562
175	249
175	546
175	565
175	574
175	706
175	892
176	248
176	345
176	997
177	182
177	288
177	299
177	716
177	794
177	879
178	221
180	216
180	337
180	426
180	490
180	812
180	945
180	976
181	241
181	267
181	359
181	481
181	560
181	805
181	835
182	438
182	482
182	818
182	849
183	317
183	665
183	954
184	421
184	959
185	416
185	853
185	880
186	351
186	401
186	522
186	550
186	736
187	400
187	866
187	868
187	922
188	518
188	951
188	971
189	532
189	887
190	471
190	971
191	607
191	834
192	255
192	452
192	715
192	894
193	358
193	435
193	636
193	800
193	988
194	547
194	860
194	907
195	242
195	252
195	868
195	989
196	559
196	671
196	928
197	379
197	858
197	866
198	260
198	884
199	282
199	361
199	406
199	430
199	562
199	828
200	293
200	616
201	309
201	593
202	253
202	634
203	655
204	512
204	574
204	869
205	360
205	494
205	646
206	564
206	895
208	421
208	719
208	837
209	722
209	742
210	721
211	620
212	323
213	285
213	598
213	756
213	808
213	891
214	730
214	978
215	281
215	427
215	597
215	980
216	280
216	317
216	788
216	864
216	898
216	985
216	995
217	999
218	555
218	561
218	651
218	853
218	952
219	371
219	734
219	890
219	947
220	225
220	400
220	563
220	832
221	301
222	444
222	561
222	665
223	242
223	311
223	453
224	287
224	639
224	664
224	715
224	798
225	710
225	953
226	304
226	468
226	512
226	756
226	781
226	829
227	250
227	364
227	466
227	630
227	643
227	852
228	271
228	542
228	543
228	663
228	846
228	912
228	938
229	480
229	485
229	834
229	914
229	980
230	488
230	795
232	255
232	442
232	588
232	762
232	947
233	914
234	406
234	434
234	749
235	446
235	612
235	639
235	704
235	971
236	814
236	927
236	999
237	265
237	347
237	360
238	888
240	451
240	478
240	748
240	813
240	932
241	347
241	361
241	419
241	493
241	507
241	508
241	672
242	343
242	495
242	711
242	770
243	720
243	889
244	574
244	644
245	286
245	538
245	770
245	833
246	392
246	703
247	483
248	344
248	571
249	316
249	668
249	989
250	399
250	414
250	424
250	812
250	872
251	317
251	398
251	829
251	879
251	989
252	295
252	347
253	800
254	279
254	725
254	958
255	648
256	422
256	737
257	346
257	486
257	570
258	742
259	314
259	619
260	892
260	930
261	325
262	457
262	756
262	771
262	918
262	991
263	750
263	826
264	714
264	847
264	893
265	322
265	837
266	272
266	424
266	851
267	418
267	572
268	562
270	316
271	374
271	469
271	822
271	830
271	889
272	347
272	800
272	928
273	448
273	751
274	598
274	790
274	845
275	641
275	716
275	861
276	786
276	789
276	846
277	302
277	458
277	781
277	835
277	980
278	423
278	463
278	725
278	881
278	957
279	407
279	443
279	455
279	489
279	538
279	783
280	666
280	676
280	821
281	284
281	382
281	614
281	793
281	973
283	363
283	686
284	990
285	311
286	292
286	312
286	397
287	314
287	831
287	913
287	961
288	405
288	511
288	537
288	619
288	703
288	940
289	364
289	409
289	424
289	493
289	816
290	638
290	793
291	534
291	758
292	644
292	871
293	586
293	613
293	620
293	878
293	928
294	467
294	484
294	545
294	611
294	885
295	649
296	340
296	449
296	781
296	795
296	904
297	438
298	438
298	721
298	731
299	417
299	521
299	545
299	619
299	733
299	981
300	454
300	518
300	707
301	311
301	340
301	508
301	595
301	692
301	699
301	720
301	741
301	886
302	652
302	665
302	671
304	451
304	602
304	680
304	837
305	554
305	865
305	867
305	957
306	433
306	543
306	720
307	341
307	606
307	627
307	807
308	362
308	758
309	317
309	799
309	822
310	421
310	445
310	906
311	695
312	361
312	383
312	452
314	688
314	878
315	509
315	552
315	651
315	747
315	940
316	489
316	542
316	731
316	833
316	893
316	934
316	975
317	318
317	680
317	798
317	851
318	563
318	903
319	334
320	521
320	547
320	927
320	955
321	734
322	888
322	993
323	974
324	415
324	547
324	694
324	706
324	842
325	658
325	750
325	923
326	482
327	373
327	686
327	921
328	380
328	481
328	714
328	773
329	485
329	681
329	714
329	989
330	904
331	826
331	988
332	606
332	864
333	414
333	819
333	823
334	637
334	654
334	772
335	435
335	862
336	465
336	835
336	869
337	557
337	768
338	344
338	361
338	553
338	848
339	657
339	672
340	647
341	666
341	889
342	466
342	650
342	851
343	561
344	685
344	886
345	363
345	394
345	527
345	938
346	609
346	804
347	488
347	986
348	394
348	740
349	498
349	882
349	896
349	986
349	987
351	388
351	691
351	802
351	909
352	361
352	413
352	596
352	672
352	777
353	798
354	566
354	969
355	360
355	464
355	796
355	811
355	879
356	426
356	808
357	374
357	495
357	518
357	685
358	678
358	884
359	561
360	636
360	680
360	787
360	887
361	540
361	747
363	386
365	369
365	647
366	438
366	463
366	694
366	948
367	646
367	771
367	838
367	859
368	829
369	407
370	754
370	902
370	908
371	455
372	445
373	501
373	713
374	661
374	999
375	935
375	975
376	405
376	417
376	678
376	849
377	755
378	562
378	804
380	446
380	828
381	549
381	940
382	385
382	667
382	865
382	948
382	970
384	488
384	851
384	899
385	633
386	636
386	705
387	609
387	902
388	407
389	515
390	931
391	467
391	562
392	730
392	993
393	621
393	893
394	466
394	606
394	726
394	750
394	780
395	449
395	602
396	900
398	407
398	747
398	780
398	868
398	947
399	517
399	786
400	479
400	604
400	840
401	737
401	839
402	413
402	560
402	610
403	569
403	780
403	807
403	889
403	974
404	842
405	463
405	817
405	824
405	860
406	564
406	625
406	684
406	855
407	595
407	628
408	725
408	849
408	982
409	455
409	642
410	445
410	496
410	639
410	676
410	988
411	513
412	434
412	438
412	513
412	651
413	680
413	711
414	466
416	619
416	787
416	841
417	548
417	842
417	893
418	561
418	587
418	722
419	430
419	594
421	592
422	508
422	723
423	460
423	490
424	541
424	604
424	777
424	783
424	966
424	974
425	623
425	742
425	847
426	795
427	621
427	816
428	682
429	476
429	879
429	962
429	996
430	500
430	624
430	898
430	928
431	519
431	653
431	663
431	751
432	461
432	696
432	721
433	587
433	684
433	959
434	528
434	632
434	827
434	963
435	479
435	670
435	843
436	456
436	885
436	966
437	479
437	721
437	854
438	631
438	691
438	909
439	793
440	602
441	477
441	665
442	476
442	614
443	507
443	522
443	866
445	450
446	546
446	596
447	526
448	632
448	710
449	753
449	800
449	996
450	558
452	643
452	950
453	687
453	841
453	852
453	925
454	492
454	554
454	858
454	908
455	494
455	523
455	810
455	861
456	537
456	741
458	610
458	713
459	647
459	969
460	512
460	662
461	565
461	568
461	712
461	838
462	735
463	886
463	896
464	568
464	762
464	923
465	512
465	571
466	814
466	827
467	833
468	542
469	508
469	969
472	821
472	860
474	625
475	689
475	744
477	568
478	637
478	672
479	599
479	817
479	977
481	569
481	701
482	785
483	701
483	707
484	693
484	712
485	715
485	793
486	613
486	661
487	980
488	781
489	554
489	587
489	757
489	761
490	738
490	774
491	775
492	676
492	976
493	831
493	964
494	528
494	823
494	866
495	635
495	918
496	900
499	750
500	780
500	793
504	991
505	554
505	760
508	568
508	678
508	981
509	581
509	936
509	968
509	976
510	533
511	550
511	601
511	781
512	823
513	971
514	627
514	968
515	543
515	621
515	704
515	810
515	951
515	996
516	598
516	853
517	957
517	997
518	953
519	785
519	995
520	842
521	632
521	678
522	543
522	656
522	746
522	862
522	979
523	858
524	904
525	578
525	634
526	692
526	999
527	561
527	766
527	798
529	588
529	637
529	708
529	972
530	580
530	658
530	682
530	725
530	815
532	534
532	621
532	759
532	905
532	952
533	782
533	854
534	880
535	672
535	775
535	784
537	581
537	725
537	775
537	785
537	870
537	967
538	978
539	748
539	831
539	940
540	648
540	680
540	879
541	609
541	617
541	889
542	889
542	963
542	998
543	650
543	885
544	802
545	601
545	614
545	738
545	767
545	988
546	725
546	810
546	839
546	849
546	927
547	781
548	570
548	724
549	570
549	660
550	574
551	998
552	626
553	637
553	834
554	717
555	579
556	627
556	760
556	765
557	878
557	990
559	729
560	562
561	850
562	570
562	799
564	726
564	997
565	757
565	858
566	964
568	634
568	995
569	726
569	736
569	941
570	860
571	615
571	813
572	734
572	753
573	706
573	772
573	986
574	799
574	813
575	768
575	818
576	762
577	709
578	601
580	662
580	764
581	598
581	815
584	762
584	897
585	951
586	736
586	876
586	967
588	807
588	852
588	966
589	724
590	902
591	677
592	760
592	807
592	809
592	861
593	708
593	784
593	971
594	661
594	914
595	679
595	970
595	986
596	642
597	702
597	877
599	621
599	877
601	619
601	638
601	872
605	741
605	762
606	811
607	933
608	712
609	634
610	914
611	675
612	716
612	891
613	632
613	757
613	821
614	686
614	895
614	995
615	784
617	777
619	858
619	892
619	908
620	743
620	813
621	950
621	985
623	879
624	704
624	706
624	800
625	862
626	793
626	896
626	973
628	762
629	667
630	751
630	838
631	913
632	739
632	890
633	960
636	771
636	777
637	816
637	858
638	905
640	882
640	981
641	699
642	922
644	692
644	782
645	924
646	798
646	992
647	783
648	775
649	984
651	658
652	856
653	783
654	704
654	794
654	894
655	902
657	777
657	817
658	776
658	952
661	786
661	888
661	982
662	691
662	850
663	695
665	752
665	926
667	694
667	971
668	759
668	772
669	843
669	884
671	916
671	959
672	784
672	917
673	844
674	852
676	737
676	767
677	763
678	950
679	891
680	741
681	711
682	683
682	797
682	893
683	856
683	903
683	918
684	815
684	839
685	793
686	797
688	751
689	790
690	796
690	862
691	821
693	698
693	715
694	705
694	940
694	989
695	958
696	868
696	969
698	829
698	872
699	842
699	941
699	978
700	822
701	783
702	794
702	958
704	841
706	935
707	992
708	763
708	794
709	736
711	737
712	790
712	827
713	745
713	769
714	764
714	768
715	876
718	939
718	979
719	945
719	968
721	867
722	918
725	758
725	926
726	914
729	810
730	947
731	776
731	824
731	917
732	854
732	948
733	967
734	963
734	984
735	936
735	962
735	981
737	773
737	989
740	814
740	902
740	933
741	860
742	900
743	891
743	952
745	863
745	990
747	789
747	790
747	945
748	952
749	761
749	993
750	978
752	943
755	885
756	780
758	817
759	853
761	843
761	883
761	929
765	921
766	969
768	986
773	903
775	816
775	846
775	979
776	928
777	997
779	921
782	813
783	988
784	786
785	813
785	890
786	839
787	901
788	918
788	978
789	937
789	979
790	901
791	928
795	939
795	948
796	913
798	939
798	983
799	815
799	948
800	914
803	805
803	830
803	919
803	937
804	976
806	837
808	940
808	942
816	872
816	943
817	857
820	951
821	847
825	898
826	952
827	832
827	881
829	887
829	946
833	921
834	880
834	896
836	967
838	924
839	885
839	926
840	910
842	954
843	976
845	889
846	865
847	913
848	850
849	966
852	996
853	877
855	976
856	956
857	859
859	883
859	901
861	915
861	973
862	977
863	881
865	933
866	869
866	971
870	875
870	879
871	912
871	967
873	978
873	979
876	998
877	941
883	887
887	932
887	933
887	969
894	908
901	956
901	983
904	985
905	939
914	918
920	999
921	939
923	975
925	967
926	966
928	948
928	978
937	980
946	999
949	980
954	975
966	986
