# Undirected graph (each unordered pair of nodes is saved once): datasets/final/1000/graph_1000_1750.txt
# Undirected Erdos-Renyi random graph.
# Nodes: 1000 Edges: 1750
# NodeId	NodeId
0	22
0	169
0	355
0	415
0	480
0	802
1	38
1	439
2	73
2	356
2	602
2	644
3	580
3	636
5	259
5	710
6	15
6	19
6	190
6	429
6	640
6	706
6	860
7	133
8	180
8	241
8	308
8	994
9	323
9	612
9	663
9	763
9	833
9	866
9	935
10	154
10	157
10	537
10	735
10	970
11	234
11	410
12	356
12	695
12	752
13	359
13	572
13	782
14	167
14	396
14	525
15	55
15	326
15	404
15	408
15	461
15	884
15	889
16	85
16	216
16	324
16	497
16	765
18	103
18	145
18	544
18	586
18	640
18	825
18	878
20	235
20	599
20	738
21	130
21	304
21	655
22	311
22	580
22	698
23	42
23	223
23	418
23	526
23	622
23	738
23	774
24	86
24	400
24	909
24	928
25	144
25	390
25	527
25	594
25	835
25	910
26	227
27	34
27	946
28	302
29	179
29	400
29	891
30	245
30	544
30	613
30	648
30	703
30	803
31	667
31	938
31	948
32	178
32	298
32	510
32	612
33	217
33	293
33	317
33	558
33	660
33	789
34	214
34	648
34	738
35	402
36	315
36	393
37	182
37	365
37	557
38	70
38	87
38	287
38	312
39	45
39	72
39	255
39	392
39	526
39	929
39	946
39	964
40	584
40	888
40	915
42	61
42	412
42	480
42	583
42	802
43	549
43	814
44	56
44	111
45	326
45	994
46	151
46	285
47	569
47	574
48	306
48	633
48	928
49	562
49	588
50	440
50	620
51	92
51	319
51	364
51	617
51	965
52	326
52	584
52	805
52	892
52	904
52	915
52	919
53	105
53	424
53	431
53	859
53	888
54	78
54	206
54	900
55	85
55	705
55	810
55	856
56	770
57	83
57	441
58	65
58	191
58	362
58	850
58	944
59	660
59	729
60	221
60	395
61	148
61	297
61	391
61	713
62	239
63	206
63	345
63	458
63	846
64	184
64	585
64	785
64	912
64	989
65	269
65	480
65	800
66	161
66	164
66	263
66	608
66	709
67	161
67	350
67	445
67	538
67	876
67	962
68	94
68	129
68	626
68	692
68	741
68	924
69	106
69	475
69	735
70	80
70	923
71	178
71	357
71	592
71	868
71	941
72	314
72	378
72	518
72	806
72	833
73	98
73	259
73	269
74	109
74	269
74	370
74	746
75	117
75	469
76	317
76	373
76	491
76	499
77	80
77	268
77	374
77	429
77	688
77	953
78	110
78	260
78	772
78	873
78	987
79	912
80	283
80	412
81	577
82	520
82	587
82	702
82	914
83	121
83	420
83	490
83	788
83	914
84	254
84	297
84	540
84	637
85	129
85	218
85	414
85	671
85	982
86	486
86	504
86	914
87	209
87	310
87	437
87	491
87	550
87	734
87	906
88	576
88	642
88	955
89	94
89	157
89	413
89	657
89	833
90	128
90	242
90	586
91	142
91	183
91	294
91	382
91	704
91	998
92	349
92	390
92	767
92	845
92	925
93	451
93	794
93	929
94	229
94	414
94	754
95	152
95	789
95	926
96	182
96	614
97	143
97	314
97	379
97	381
97	467
97	884
97	941
98	270
98	448
99	413
99	622
99	677
99	686
99	808
100	498
100	725
100	802
100	963
101	572
101	800
101	868
102	163
102	418
102	629
102	894
103	632
103	671
103	846
103	979
104	667
104	800
104	934
105	149
105	545
105	890
106	235
106	585
106	799
107	224
107	588
107	833
107	969
108	234
108	314
109	552
109	783
109	931
110	408
110	786
111	179
111	827
111	866
112	755
112	843
113	146
113	392
113	598
113	742
114	198
115	500
116	162
116	595
116	629
117	379
117	982
118	433
118	526
118	532
118	543
118	829
118	910
119	402
119	509
119	700
119	723
120	183
120	437
120	748
121	442
121	536
121	726
122	231
122	324
122	733
123	177
123	480
123	815
123	890
125	734
125	792
125	836
126	165
126	200
126	782
127	132
127	149
127	275
127	536
128	188
128	192
128	325
128	441
128	577
128	859
129	529
129	547
130	756
130	858
131	274
131	300
131	350
131	377
131	714
131	834
131	921
132	684
132	723
132	844
133	138
133	288
134	262
134	997
135	175
135	883
136	358
136	407
136	754
136	859
137	943
138	320
138	549
139	247
139	493
140	299
140	635
141	356
141	673
141	682
142	260
143	372
143	773
145	233
146	462
146	857
146	999
147	340
147	341
147	594
147	812
148	754
149	156
149	208
149	346
149	618
149	795
150	277
150	566
151	204
151	279
151	382
151	541
151	563
151	565
151	600
152	764
152	783
152	899
153	317
153	339
153	457
153	559
153	611
155	471
155	874
156	164
156	756
156	891
157	214
157	552
157	589
157	795
158	284
158	312
158	434
159	419
159	446
159	550
159	607
159	642
160	424
160	462
160	503
160	825
160	989
161	897
162	509
162	651
163	511
163	615
163	620
164	484
164	492
164	797
165	288
165	507
165	555
165	594
165	800
165	948
166	242
166	420
166	976
167	263
167	285
168	456
168	639
168	719
168	730
168	853
169	378
169	439
169	499
169	539
169	859
170	224
170	407
170	416
170	435
170	565
170	580
170	682
170	748
170	809
170	853
170	954
171	700
171	745
172	286
173	736
173	941
173	955
174	660
175	419
175	487
175	609
175	985
176	226
176	442
177	301
177	813
177	842
177	948
178	271
178	709
178	972
179	722
179	807
179	896
179	929
181	993
182	204
182	312
182	484
182	626
183	198
183	241
183	384
183	694
184	839
185	390
185	529
185	994
186	224
187	843
189	356
189	774
189	859
189	969
189	972
189	995
190	308
190	440
190	551
191	319
191	517
191	625
192	441
192	660
193	344
193	544
193	978
195	362
195	658
195	773
195	876
195	924
195	976
196	224
196	435
197	246
197	633
198	296
198	617
198	820
199	493
200	704
200	735
200	936
201	329
201	471
201	839
202	440
202	652
202	793
203	355
204	298
204	333
205	668
205	837
206	459
206	847
206	956
207	248
207	324
207	373
207	529
207	925
208	362
208	515
208	755
208	859
208	908
209	288
209	331
209	463
209	678
209	690
209	749
209	816
209	966
209	967
210	656
211	297
211	374
211	401
211	407
211	532
211	596
211	631
211	704
211	718
211	816
211	966
212	235
212	469
212	509
212	512
212	613
212	734
213	325
213	348
213	844
214	370
215	352
215	867
216	348
216	478
216	497
216	710
216	945
218	359
219	271
220	433
220	453
220	513
220	665
220	713
221	812
222	909
222	999
225	419
225	978
226	736
226	756
226	955
227	721
227	736
227	779
228	353
228	549
228	620
228	641
228	697
228	716
229	560
229	596
229	743
229	913
229	963
230	299
230	624
231	293
231	736
232	816
232	920
233	415
233	496
234	499
234	882
234	913
234	914
235	270
235	303
235	646
235	942
236	246
236	297
236	488
236	671
237	664
237	926
238	928
239	547
239	938
240	269
240	556
240	582
241	866
243	353
243	382
243	522
243	535
243	580
244	389
244	584
244	900
244	984
245	617
246	261
246	314
246	537
246	786
247	543
247	953
248	348
248	351
248	990
249	389
249	454
249	882
250	709
251	318
251	399
251	541
251	689
251	896
252	297
252	505
252	603
253	326
253	366
253	392
253	671
253	866
253	984
254	627
254	762
256	392
256	430
257	572
257	789
258	361
259	317
259	410
259	968
260	280
260	460
260	662
260	672
261	310
261	665
261	790
262	280
262	304
262	473
262	912
263	805
263	910
264	457
264	568
265	399
265	645
265	919
266	665
267	299
267	303
267	706
267	787
268	341
268	657
269	357
269	433
269	441
269	457
270	322
270	429
270	735
270	933
271	935
271	986
272	519
272	543
273	311
273	595
273	720
273	784
273	819
273	847
276	603
276	899
276	947
277	519
277	655
277	809
277	867
277	896
277	963
278	773
278	847
278	874
278	908
278	945
279	363
279	409
281	312
281	490
281	844
281	886
281	904
282	419
282	511
282	856
282	883
282	992
283	982
284	797
284	821
285	504
285	938
286	314
286	572
286	699
287	291
287	724
288	309
288	393
288	938
288	991
289	441
289	550
289	571
290	379
290	423
290	531
290	756
290	818
291	389
291	991
293	518
293	842
294	578
294	769
295	881
296	377
296	486
296	797
296	806
297	420
297	478
297	740
297	935
299	391
300	391
301	672
301	719
301	863
302	816
303	478
303	543
303	891
304	688
305	416
305	573
305	890
306	594
306	610
306	638
306	694
307	666
308	493
308	596
308	626
308	825
308	845
308	968
309	556
309	901
311	493
312	473
312	755
313	377
313	516
313	556
313	587
314	691
315	395
315	424
315	611
315	659
315	702
315	758
315	784
315	977
316	536
316	541
316	661
316	803
316	894
317	395
317	816
319	390
319	990
320	344
320	449
320	477
320	842
323	421
323	751
323	813
324	696
324	824
324	895
325	412
325	572
326	508
326	611
328	522
328	559
328	980
329	450
329	524
329	638
329	653
329	734
330	438
330	459
332	876
334	458
334	852
334	897
336	339
336	704
336	723
336	729
336	854
337	917
338	650
338	712
338	750
339	405
339	824
339	970
340	450
340	586
340	650
340	711
340	738
341	427
342	788
343	639
343	654
343	841
343	906
343	927
344	566
345	350
345	424
345	456
345	529
345	597
345	724
345	759
345	763
347	440
347	837
348	515
348	576
348	838
349	908
349	937
350	395
350	474
350	673
351	512
351	513
351	668
351	693
351	712
352	538
352	907
353	426
355	496
355	724
356	364
356	420
356	535
356	923
356	951
357	544
357	734
357	844
358	529
358	783
358	889
358	944
359	881
360	475
360	571
360	717
360	836
363	675
364	373
364	458
365	451
365	470
365	559
365	633
366	463
366	642
366	847
366	932
367	724
367	861
368	439
369	872
371	382
371	449
372	578
372	736
374	504
374	796
375	528
375	570
376	706
377	716
377	995
378	996
379	544
379	604
379	886
379	920
380	382
380	573
380	643
381	447
381	470
381	477
381	633
381	904
381	951
382	462
382	558
382	688
383	434
383	628
383	861
384	696
386	981
387	705
387	743
387	897
387	985
388	464
388	750
388	807
388	951
389	800
390	661
390	757
392	667
393	630
393	706
393	736
394	604
394	707
394	879
395	463
395	621
395	652
395	870
396	529
396	958
397	750
397	843
398	777
398	871
399	545
399	766
399	875
401	544
401	850
402	635
402	864
403	415
403	449
403	463
403	848
405	898
405	946
406	642
406	720
408	787
409	444
409	740
410	498
410	833
411	446
411	498
411	629
411	940
412	664
412	819
412	902
412	934
413	438
413	655
413	747
414	570
414	746
415	492
415	644
415	787
416	860
416	998
417	925
418	449
418	532
419	701
419	749
421	585
421	966
422	865
422	934
423	817
425	532
426	800
426	932
427	511
428	705
428	946
429	448
429	579
429	758
429	869
430	991
431	447
432	743
432	789
432	872
433	575
433	588
434	935
435	760
437	788
437	944
438	941
440	654
440	784
441	565
442	885
443	702
443	726
444	793
445	557
445	732
445	733
446	466
446	543
446	570
446	574
446	576
446	798
448	481
448	550
448	949
449	913
450	500
450	992
451	599
452	559
452	702
452	744
453	494
453	856
454	568
454	875
454	893
455	543
455	563
456	466
456	552
456	788
457	562
457	956
458	697
458	850
459	858
459	981
460	918
461	546
461	588
461	628
461	866
461	876
462	733
462	774
462	893
462	990
465	730
465	895
467	949
468	482
469	578
469	662
470	935
471	576
472	634
472	718
472	721
472	802
472	978
473	514
473	756
474	763
476	771
477	481
478	712
479	766
480	676
480	693
480	971
481	514
481	758
482	595
482	820
483	975
487	782
487	987
488	611
488	724
488	821
489	844
490	527
491	637
491	744
493	567
493	758
493	904
493	968
496	522
496	772
497	502
497	865
497	959
498	547
498	682
499	867
499	900
500	603
500	784
501	611
502	924
502	948
502	976
503	706
504	664
504	690
504	761
505	507
505	601
506	735
506	774
507	754
508	857
509	646
510	548
510	613
512	643
512	725
512	963
513	551
515	610
515	676
515	917
515	924
515	998
517	613
518	693
518	715
518	959
519	695
519	961
520	734
520	966
521	688
521	769
522	644
522	759
522	898
523	765
523	819
524	539
524	878
525	814
526	678
526	751
527	617
527	649
527	958
528	587
528	620
529	669
529	838
529	976
530	853
530	924
531	545
531	647
531	678
532	789
533	587
533	915
533	963
534	799
535	540
535	620
535	671
535	778
535	809
536	765
537	682
537	993
538	592
538	724
538	745
538	790
538	921
539	757
540	792
540	819
540	890
540	919
541	682
541	860
541	869
542	772
543	657
544	584
544	711
544	879
546	886
546	911
547	682
548	652
548	731
549	633
549	993
550	678
551	558
551	576
554	559
555	611
556	696
557	623
557	959
558	842
559	894
559	906
560	742
561	677
562	564
563	703
566	704
566	721
569	628
571	910
571	967
573	600
573	737
573	827
574	619
576	685
577	698
577	700
577	978
578	628
578	634
578	675
578	749
578	842
579	974
580	832
580	980
582	707
583	683
584	615
584	836
584	879
584	916
585	833
587	826
587	874
588	895
588	943
588	987
589	934
590	734
593	599
593	807
594	637
594	893
594	939
596	999
597	816
597	978
598	783
600	779
601	785
601	835
602	959
603	721
605	998
606	766
606	813
606	856
606	871
606	889
607	850
608	788
609	618
609	760
609	769
611	787
612	827
614	912
615	661
615	932
616	735
616	779
616	849
616	948
621	639
621	648
621	668
621	895
622	693
622	862
624	643
625	905
625	907
625	931
626	702
627	675
627	936
627	993
632	851
632	868
633	751
633	864
634	861
635	784
636	685
637	996
638	901
641	654
642	780
643	667
643	776
644	936
644	998
645	991
646	650
646	753
646	755
646	836
648	738
648	846
648	902
649	925
650	775
651	671
651	802
652	870
652	940
654	746
656	684
657	922
660	846
661	674
662	668
662	684
662	858
665	888
665	928
665	986
666	937
668	881
669	735
669	783
670	715
671	807
672	772
674	985
679	744
679	918
683	907
685	815
686	722
687	836
688	795
688	838
688	991
689	738
689	942
691	759
691	879
691	981
692	762
692	984
693	972
694	841
696	767
698	834
698	966
700	745
702	809
702	812
703	869
704	723
704	872
705	729
705	851
706	900
706	958
707	759
707	819
708	724
709	722
709	917
710	885
710	972
712	791
714	729
715	854
715	986
721	752
723	817
723	979
724	765
724	841
724	880
725	942
727	780
728	730
729	988
731	931
732	769
732	947
732	956
732	989
733	756
733	971
734	751
736	936
739	825
740	757
741	880
742	956
743	827
743	831
743	857
745	834
746	841
746	930
747	773
747	860
749	814
750	799
752	833
752	992
754	935
756	866
756	976
757	765
758	814
758	895
758	901
760	929
760	951
762	995
763	808
763	989
764	796
765	777
765	978
766	952
767	981
771	822
771	829
772	845
772	862
772	974
777	887
778	936
779	912
779	975
780	852
781	806
781	967
782	833
783	785
783	808
784	850
786	792
786	892
787	844
787	854
788	986
789	858
792	889
792	987
793	982
794	845
797	853
797	987
798	833
799	829
800	947
804	889
808	893
808	978
810	870
810	918
813	903
814	844
819	864
819	883
820	859
820	972
821	883
822	957
824	868
825	826
828	853
828	967
829	838
829	884
830	859
830	866
835	905
836	925
837	903
839	891
847	954
850	991
851	859
855	869
855	941
855	966
856	922
864	973
868	924
871	900
874	919
875	926
880	920
884	896
885	961
886	971
887	984
892	966
895	923
901	954
902	982
903	929
908	940
910	959
910	996
911	918
923	927
929	942
930	967
931	970
939	992
945	957
947	960
949	979
987	988
