# Undirected graph (each unordered pair of nodes is saved once): datasets/final/500/graph_500_1100.txt
# Undirected Erdos-Renyi random graph.
# Nodes: 500 Edges: 1100
# NodeId	NodeId
0	21
0	31
0	77
0	84
0	108
0	186
0	187
0	292
0	337
0	373
1	52
1	114
1	220
1	322
2	137
2	222
2	329
2	459
2	479
3	137
3	154
3	199
3	211
3	386
3	463
4	14
4	59
4	67
4	357
5	31
5	95
5	247
5	366
6	160
6	192
6	433
7	140
7	311
7	467
8	191
8	486
9	109
11	284
11	335
11	356
12	20
12	178
12	319
12	468
13	26
13	169
13	455
14	95
14	367
14	390
15	84
15	310
15	408
15	430
16	117
17	68
17	84
17	91
17	168
17	275
17	336
17	378
17	479
18	22
18	40
18	48
18	101
19	67
19	121
19	183
19	324
20	67
20	134
20	159
20	198
20	335
21	372
22	148
22	290
22	438
23	204
23	364
24	65
24	102
24	418
24	482
24	499
25	49
25	54
25	372
25	457
26	31
26	64
26	156
26	183
26	301
26	315
26	430
27	181
27	365
27	417
28	63
28	161
28	165
28	305
28	349
29	71
29	99
29	145
29	208
29	214
29	231
29	274
29	357
29	400
30	63
30	106
30	316
31	143
31	227
31	440
31	449
31	480
33	50
33	101
33	108
33	147
33	478
34	87
34	103
34	205
34	222
34	256
34	475
35	303
36	40
36	87
36	480
37	408
38	156
38	197
39	287
39	377
40	174
40	435
40	477
41	90
41	326
42	121
42	208
42	318
42	324
42	427
43	168
43	180
43	209
43	337
43	425
43	479
44	52
44	53
44	424
44	464
45	141
45	165
45	331
45	397
45	407
45	475
46	248
46	379
46	405
46	450
47	330
47	459
48	57
48	81
48	122
48	409
48	443
50	82
50	97
50	153
50	200
50	234
50	370
50	373
51	102
51	117
52	452
53	225
53	449
54	260
54	314
54	361
54	461
55	63
55	84
55	244
56	161
56	197
56	265
56	405
57	126
57	371
57	490
58	188
58	208
58	482
59	65
59	259
59	316
59	407
59	439
60	70
60	81
60	380
61	102
61	259
61	290
61	482
62	80
62	490
63	93
63	135
63	315
63	343
65	129
65	145
65	295
66	348
66	460
67	276
67	303
67	373
67	453
67	483
68	189
68	284
68	285
68	290
68	326
68	349
68	402
68	404
68	494
69	76
69	158
69	308
69	482
70	134
70	154
70	208
70	269
70	331
70	458
71	332
71	339
71	367
72	169
72	263
72	268
72	385
73	221
73	227
73	346
74	216
74	239
74	358
74	472
74	494
75	122
75	167
75	233
75	292
75	351
76	165
76	254
76	441
77	211
77	424
77	451
77	486
78	241
78	296
78	339
78	341
78	490
79	90
79	99
79	288
79	370
79	389
80	102
80	283
80	470
81	127
81	317
81	323
81	430
81	480
82	214
82	360
82	362
82	365
82	440
82	481
82	498
83	368
83	419
83	457
84	203
84	246
84	346
84	477
85	206
85	270
85	421
86	360
86	499
87	99
87	194
87	453
87	484
88	190
88	211
88	240
88	312
88	460
90	337
90	392
90	488
91	127
91	313
91	465
92	165
92	209
92	259
92	334
92	352
92	410
92	450
93	298
93	449
94	158
94	243
94	303
94	373
94	412
94	496
95	114
95	249
95	387
95	392
95	422
96	123
96	225
96	362
97	173
97	374
97	386
97	409
97	452
97	458
98	161
98	342
99	221
99	234
99	299
100	139
100	227
100	384
100	458
101	185
101	218
101	469
101	483
102	192
102	289
103	220
104	165
104	212
105	182
105	233
105	391
105	456
105	477
106	227
106	293
106	298
106	469
107	146
107	182
107	251
107	271
107	275
107	308
107	477
107	483
108	128
108	137
108	312
109	310
109	401
109	425
109	438
109	493
110	341
111	290
111	464
111	494
112	228
113	216
113	233
113	468
114	237
115	184
116	325
117	279
117	450
118	203
118	217
118	326
118	478
119	177
119	226
119	282
119	441
120	122
120	150
120	165
120	205
120	466
121	210
121	327
121	461
122	335
122	369
122	417
123	266
123	353
123	359
124	132
124	139
124	293
124	466
125	138
125	158
125	208
125	287
125	327
125	418
125	464
126	469
127	272
127	387
128	188
128	212
128	336
128	495
129	172
129	191
129	197
129	215
129	233
129	236
129	248
130	247
130	266
130	298
130	318
130	464
131	380
131	411
132	151
132	290
133	249
133	256
133	258
134	163
134	236
134	446
134	486
135	238
135	299
135	381
135	382
135	488
136	400
137	164
137	238
137	294
137	401
138	313
138	431
139	216
139	285
139	312
139	321
139	370
140	143
140	345
141	149
141	362
141	444
142	200
142	444
143	308
143	314
143	325
143	353
143	413
143	496
144	194
144	241
145	158
145	219
145	391
146	160
146	222
146	259
146	285
147	170
147	217
147	293
147	315
147	408
147	466
148	251
148	321
148	431
149	188
149	250
149	289
149	313
149	481
150	183
150	186
150	487
151	295
151	497
152	215
152	337
152	403
153	173
153	197
153	256
153	312
153	349
153	434
154	214
154	437
155	351
155	416
155	459
156	247
156	271
156	477
157	169
157	418
158	440
158	455
159	183
159	211
159	291
159	306
159	449
159	492
159	496
160	246
160	377
160	460
161	307
162	220
162	473
163	262
163	328
163	331
163	386
164	285
165	192
165	305
165	424
166	284
166	291
166	314
166	469
167	221
167	246
167	251
167	252
167	389
167	430
168	210
169	172
169	229
169	329
169	360
170	243
170	303
170	365
171	191
171	205
171	343
171	395
172	259
172	345
172	407
173	227
173	334
173	347
173	360
173	395
173	417
173	420
174	373
174	430
174	486
175	324
176	323
176	393
177	281
178	307
178	436
178	489
179	420
180	183
180	291
181	250
181	260
181	279
181	285
181	295
181	475
181	479
182	194
183	238
184	216
184	463
185	215
186	214
186	280
186	287
186	405
187	209
187	214
188	257
188	284
188	351
188	451
189	299
189	364
189	408
190	248
190	275
190	479
191	230
191	287
191	314
191	348
191	356
191	465
192	285
192	374
192	486
193	373
193	398
193	431
194	354
194	393
194	433
194	456
195	384
195	421
195	434
196	343
196	374
196	407
196	408
196	427
197	223
197	317
198	201
198	435
198	441
199	215
199	225
199	251
199	280
199	307
199	414
200	264
200	311
200	399
200	421
202	234
202	271
202	308
202	338
202	398
202	491
203	447
204	402
204	441
204	480
206	261
206	334
206	356
207	226
207	259
207	277
207	323
207	422
208	277
209	256
209	288
209	343
210	393
210	394
210	459
210	464
211	309
211	328
211	366
212	325
212	350
213	220
213	351
213	396
213	489
214	280
214	340
214	416
215	247
215	489
216	367
216	491
217	404
217	432
217	487
218	302
218	323
218	335
218	468
219	226
219	405
219	415
219	417
219	459
220	380
221	443
221	467
222	237
222	333
222	357
223	227
223	238
224	395
226	434
226	495
228	280
228	402
228	464
228	467
228	498
229	429
230	258
230	278
230	290
231	294
232	264
232	394
232	442
232	496
233	263
233	311
233	464
233	477
234	271
234	351
234	408
234	451
235	313
236	350
236	459
237	359
238	256
240	296
240	342
240	439
240	450
240	461
241	413
241	480
242	440
242	443
244	267
244	457
245	422
246	348
246	448
247	285
247	341
247	453
248	461
249	323
250	459
251	288
251	289
251	304
251	338
252	275
252	296
252	324
253	443
254	287
254	429
254	433
255	290
255	316
255	387
255	455
256	406
257	278
258	317
259	370
261	331
262	355
263	325
263	418
264	406
264	448
264	452
265	497
266	375
266	383
267	288
267	289
267	316
267	372
268	305
268	311
268	403
268	404
269	282
269	384
270	321
270	353
270	360
270	487
271	477
272	288
272	310
272	387
274	437
274	477
275	351
275	468
276	277
276	361
276	396
276	414
277	410
277	412
278	443
278	456
279	409
280	460
280	464
281	427
281	448
281	453
282	328
283	355
283	437
284	449
284	482
285	352
285	412
287	315
287	409
287	428
287	429
287	483
288	323
288	353
288	361
288	402
289	295
290	397
291	386
291	392
291	465
292	440
293	468
294	321
294	476
295	345
295	466
295	490
296	452
296	468
296	490
296	491
297	320
298	409
299	398
300	355
300	408
300	448
301	327
301	470
302	303
302	446
303	409
303	444
304	354
304	397
304	403
304	458
304	497
305	321
305	349
305	365
307	429
307	434
307	472
307	489
309	366
310	424
310	432
312	491
314	317
314	348
314	443
314	478
315	486
315	492
316	443
317	318
317	352
317	359
318	394
318	397
319	358
321	327
321	363
321	473
323	328
323	475
325	415
325	432
325	495
327	416
328	443
328	457
329	387
330	481
331	442
334	429
334	464
335	345
335	441
335	487
336	473
336	490
337	428
338	343
338	443
338	461
339	386
340	446
340	488
343	404
344	369
344	375
344	474
346	391
348	356
348	434
348	464
349	493
349	499
351	392
352	376
354	360
354	473
354	487
356	369
356	394
356	443
357	368
357	429
358	393
360	382
363	411
364	479
364	498
366	486
367	371
367	415
367	416
367	489
368	385
368	402
368	408
369	402
370	397
370	423
370	497
371	379
371	394
371	456
371	488
372	489
373	446
373	489
373	490
374	400
374	482
375	380
375	389
375	404
376	433
376	467
377	491
379	393
379	475
380	428
380	473
381	454
381	473
383	482
384	409
384	457
386	498
387	487
388	454
389	486
390	493
390	496
392	475
394	417
394	480
395	471
397	451
397	458
398	402
398	405
398	445
401	428
401	429
402	434
403	416
403	466
403	484
405	449
405	467
406	417
406	459
407	409
408	431
408	466
408	498
409	428
409	442
411	443
411	461
412	459
422	481
424	443
424	468
428	432
428	463
430	489
431	450
431	455
436	464
438	494
439	447
441	489
445	466
446	486
446	488
446	489
448	488
450	479
454	457
456	465
456	499
458	493
459	482
462	497
486	492
489	495
