# Undirected graph (each unordered pair of nodes is saved once): datasets/final/500/graph_500_1250.txt
# Undirected Erdos-Renyi random graph.
# Nodes: 500 Edges: 1250
# NodeId	NodeId
0	7
0	283
0	334
0	364
1	12
1	28
1	84
1	246
1	249
1	266
1	372
1	410
1	416
1	459
2	199
2	292
2	363
3	27
3	200
3	325
3	401
3	480
4	20
4	44
4	149
4	168
4	190
4	296
4	309
4	388
5	204
5	223
6	188
6	230
6	256
6	433
7	55
7	212
7	317
8	67
8	146
8	161
8	444
9	30
9	35
9	44
9	174
9	270
9	275
9	330
10	17
10	198
10	292
10	309
10	313
10	419
10	483
10	487
11	389
11	483
12	126
12	148
12	164
12	264
12	468
13	78
13	306
13	379
13	411
13	443
14	35
14	271
15	187
15	301
15	382
15	467
15	477
15	496
16	34
16	144
16	153
16	269
16	397
17	56
17	114
17	249
17	271
17	290
17	369
17	479
18	73
18	103
18	139
18	150
18	277
18	293
18	395
18	441
19	66
19	348
19	391
20	145
20	221
20	255
20	332
20	333
20	380
21	195
21	314
21	482
22	217
22	224
22	257
22	301
22	339
22	398
22	455
23	226
24	45
25	118
26	82
26	92
26	108
26	134
26	220
26	312
26	370
26	407
26	478
27	90
27	190
27	234
27	380
27	499
28	261
29	346
30	114
30	133
30	229
30	240
30	329
30	339
30	390
31	86
31	141
31	383
32	254
32	352
32	392
32	462
33	35
33	59
33	252
33	284
33	309
33	414
34	258
34	318
34	336
34	461
34	491
35	256
35	360
36	141
36	143
36	455
36	465
36	475
37	55
37	59
37	248
37	282
37	366
38	207
38	254
38	285
38	309
39	179
39	227
39	359
39	401
39	474
40	203
40	276
40	282
40	286
40	315
41	131
41	167
42	126
42	163
42	231
42	278
42	418
42	467
43	130
43	234
43	390
43	429
43	450
44	152
44	239
44	290
45	176
45	368
45	453
46	260
46	301
46	454
47	264
47	300
48	52
48	177
48	222
48	326
48	492
49	479
50	220
50	306
50	316
50	345
50	445
50	463
50	492
51	200
51	238
51	404
52	100
52	217
52	429
52	447
52	462
53	119
53	317
53	318
54	274
54	399
55	168
55	177
55	206
55	383
55	416
56	299
56	385
56	391
56	454
57	152
57	238
57	305
57	335
57	346
57	356
57	370
57	472
58	191
58	227
58	290
58	369
58	403
58	406
58	488
59	68
59	80
59	254
59	379
59	404
59	470
60	102
60	208
60	326
60	336
60	360
60	452
61	74
61	310
61	474
62	200
62	225
62	404
62	412
62	443
63	79
63	202
63	258
63	413
63	420
63	446
64	126
64	288
64	298
64	299
64	435
65	106
65	151
65	323
65	351
66	191
66	322
66	338
66	414
66	498
67	276
67	475
68	303
68	340
68	475
69	117
69	409
69	485
70	209
70	216
70	419
71	114
71	153
71	224
71	287
71	333
72	221
72	250
72	321
72	367
72	379
72	412
72	445
72	475
73	275
74	161
74	309
74	335
74	379
74	409
75	235
75	241
75	451
75	478
76	384
76	394
77	138
77	145
77	272
77	356
77	420
77	450
78	86
78	122
78	272
78	303
78	360
78	424
78	466
79	96
79	144
79	255
79	263
79	277
79	423
79	461
80	160
80	333
81	171
81	240
81	459
81	482
82	266
82	330
82	339
82	493
82	496
83	250
83	255
84	446
85	131
85	392
85	420
85	445
86	154
86	230
87	164
87	321
88	91
88	117
88	341
88	395
88	493
88	495
89	112
89	221
89	391
90	124
90	296
90	417
90	485
90	487
91	120
91	215
91	216
91	293
91	377
91	443
92	118
92	136
92	271
92	310
93	129
93	168
93	212
93	333
93	364
93	390
94	205
94	226
94	413
94	473
94	488
95	97
95	135
95	301
95	324
95	362
95	495
96	103
96	127
96	170
96	231
96	242
96	407
97	144
97	148
97	198
97	201
97	220
97	253
97	306
97	307
97	416
97	486
98	100
99	443
100	272
100	333
100	425
101	458
102	148
102	365
102	419
102	444
103	154
103	161
103	168
103	204
103	303
103	344
103	352
103	385
104	115
104	124
104	229
104	425
104	492
105	109
105	114
105	149
105	270
105	359
105	449
105	476
106	178
106	203
106	361
106	390
107	126
107	132
107	180
107	331
108	258
108	326
108	332
108	396
109	235
109	324
109	448
110	207
110	396
110	401
110	415
110	450
110	487
111	394
111	405
112	426
112	474
112	481
113	261
113	308
113	361
113	390
113	416
113	453
114	340
114	470
114	483
115	119
115	195
115	218
115	232
115	480
116	268
116	399
117	317
117	425
117	495
118	179
118	247
118	429
118	448
119	187
120	172
120	178
120	345
120	475
121	154
121	179
121	225
121	284
121	291
121	445
121	452
121	455
121	490
122	161
122	231
122	492
123	138
123	390
124	136
124	158
124	233
124	329
125	200
125	407
125	432
125	487
126	129
127	191
127	311
127	389
128	146
128	259
128	275
128	434
129	326
129	341
129	383
130	191
130	227
130	248
130	471
130	495
131	156
131	175
131	216
131	217
131	323
131	356
132	452
132	453
132	498
133	228
133	230
133	372
133	380
133	495
134	259
134	369
134	434
134	466
135	195
135	315
135	366
135	433
136	266
136	394
136	429
136	489
137	381
137	401
137	437
137	476
138	182
138	256
138	356
139	152
139	295
139	306
140	158
140	164
140	297
140	446
140	468
141	194
141	301
141	315
141	404
141	489
142	446
143	180
143	260
143	283
143	462
144	184
144	243
144	303
144	433
145	149
145	154
145	246
145	390
145	449
146	304
146	396
147	178
147	179
147	221
147	446
147	481
148	265
148	294
148	482
149	171
149	179
149	403
149	409
149	434
149	465
150	207
150	293
150	432
150	449
151	264
151	420
152	305
152	381
152	451
153	238
153	330
153	361
153	376
153	395
153	437
154	187
155	213
155	381
155	389
155	498
156	283
156	376
156	436
157	173
157	196
157	251
158	174
158	292
158	422
158	427
159	176
159	228
159	322
159	439
160	182
161	336
161	376
161	446
162	236
162	275
162	446
163	236
163	359
163	445
164	227
164	347
164	348
164	388
164	448
164	488
165	212
165	276
165	377
165	407
165	408
165	454
166	303
167	190
167	216
167	436
168	423
168	433
169	233
169	271
169	299
169	334
169	349
170	238
170	408
171	304
171	349
172	403
172	412
172	493
175	234
175	330
175	424
175	436
176	347
176	359
176	436
176	473
177	193
177	382
177	458
177	459
179	193
179	307
179	321
179	366
179	433
179	438
180	311
180	347
180	412
180	438
181	187
181	348
181	383
181	423
181	468
182	236
182	259
182	411
183	385
183	496
184	198
184	270
184	297
184	301
184	485
186	193
186	236
186	450
187	411
187	444
187	481
188	417
188	470
190	286
191	247
191	294
191	323
191	487
191	496
192	251
192	465
193	297
193	314
194	200
194	312
195	255
196	247
196	379
197	367
197	440
198	215
198	260
198	343
198	450
199	273
199	298
199	384
199	425
199	471
199	494
200	214
200	228
200	389
201	206
201	428
201	433
201	483
202	277
202	373
202	390
202	451
202	489
203	223
203	291
203	297
203	340
203	413
204	232
204	235
204	365
204	402
205	312
205	378
205	462
205	482
206	404
206	487
207	220
207	358
207	497
208	316
208	345
208	366
208	469
209	315
209	319
209	374
209	382
209	421
210	395
210	456
211	228
211	326
211	449
212	316
212	386
212	477
214	221
214	327
214	377
214	386
214	405
215	227
215	273
215	289
215	303
215	375
216	346
217	238
217	255
217	258
217	324
217	451
217	452
218	236
218	338
218	416
218	423
219	264
219	447
220	226
220	267
220	344
220	367
220	406
221	222
221	294
221	351
221	386
221	422
222	310
222	448
223	329
223	371
223	431
223	454
224	389
225	259
225	489
226	265
226	295
226	296
226	315
226	363
226	435
226	455
227	361
228	296
228	350
229	266
229	314
229	316
229	324
230	233
230	265
230	280
230	447
232	244
232	289
232	415
232	452
232	461
233	403
233	497
234	308
234	316
234	372
234	379
234	421
235	451
235	460
236	249
236	254
236	256
236	408
236	437
237	251
237	422
237	431
237	469
238	266
238	304
238	408
238	493
239	303
239	345
239	348
241	286
241	307
241	365
241	373
241	430
241	495
242	473
243	254
243	265
243	325
243	338
243	442
244	257
244	340
244	348
245	260
246	323
246	351
247	292
247	494
248	302
248	332
248	350
249	378
250	329
250	412
251	490
252	364
253	364
253	369
254	387
254	446
255	270
255	416
255	461
256	297
256	434
256	480
257	357
257	396
258	297
259	336
259	380
259	430
260	324
260	489
261	387
262	278
262	282
262	368
262	406
262	452
263	265
263	322
263	327
263	338
264	337
264	404
264	408
264	443
264	482
265	475
266	346
266	498
267	331
268	269
268	285
268	431
268	441
269	349
269	410
269	416
269	425
270	442
270	458
271	371
272	347
272	466
273	429
273	457
273	488
273	492
274	381
275	292
275	414
275	441
276	308
276	437
276	444
277	351
277	358
277	481
278	445
278	455
279	280
279	289
279	317
279	392
279	421
280	399
281	399
281	474
283	314
283	321
283	484
283	490
284	406
285	410
286	454
287	323
287	356
287	357
287	420
288	458
288	465
289	446
291	300
292	447
293	315
293	358
294	370
294	422
295	346
295	433
296	324
296	483
297	378
297	461
299	300
299	367
299	392
299	484
300	318
300	409
301	418
304	478
305	339
305	409
306	429
306	445
306	470
306	475
307	323
308	442
308	451
309	355
309	364
309	369
309	374
309	439
310	396
311	482
312	334
312	366
312	426
312	438
315	374
315	381
315	408
315	442
316	418
319	383
321	344
321	373
321	425
322	467
323	391
323	492
324	381
324	416
324	485
324	493
325	440
325	441
325	442
325	460
325	495
327	380
328	372
328	406
328	443
328	481
329	482
330	336
330	391
330	414
330	493
331	333
331	351
331	410
331	450
332	486
333	336
333	497
334	393
335	491
336	475
336	483
337	354
337	391
337	402
337	472
337	481
340	472
340	475
341	342
341	343
341	461
341	479
342	456
342	459
343	423
343	440
343	453
343	455
344	404
345	347
346	483
348	371
350	378
350	458
352	497
353	357
353	390
354	468
355	381
355	385
355	400
355	474
356	382
356	413
356	479
357	358
358	406
358	426
359	440
360	388
360	495
361	408
362	421
363	495
364	416
364	442
364	491
365	477
367	468
368	422
368	454
370	463
370	469
371	415
373	438
373	474
373	498
374	434
374	445
375	428
375	441
377	380
377	399
377	419
378	450
378	490
378	492
380	398
380	426
381	413
383	387
383	399
385	446
385	458
387	434
389	407
389	439
390	409
391	495
392	412
392	495
393	471
397	483
398	407
399	430
399	498
400	426
401	494
402	469
402	474
403	427
403	448
403	459
403	495
406	419
406	434
407	481
408	413
412	429
413	497
415	460
417	435
418	492
419	424
420	435
422	464
424	455
426	482
428	467
431	484
432	445
432	454
434	465
437	482
441	473
442	494
443	449
443	460
445	453
445	494
449	483
450	472
451	478
454	470
454	497
455	459
455	480
459	471
459	479
461	483
466	495
469	483
471	473
471	481
472	487
489	493
