# Undirected graph (each unordered pair of nodes is saved once): datasets/final/500/graph_500_1000.txt
# Undirected Erdos-Renyi random graph.
# Nodes: 500 Edges: 1000
# NodeId	NodeId
0	35
0	173
0	325
0	381
0	386
0	397
0	446
1	15
1	49
1	120
1	329
1	355
2	14
2	20
2	73
2	106
2	245
2	327
2	342
2	492
2	499
3	120
3	171
3	197
3	244
3	385
4	60
4	65
4	67
4	207
4	238
4	429
5	68
5	113
5	361
5	485
6	86
6	497
7	131
7	136
7	340
8	222
9	185
9	235
9	254
9	266
9	380
9	495
9	499
10	89
10	285
10	295
11	18
11	26
11	486
12	168
12	295
12	313
13	91
13	160
13	214
13	262
13	282
14	104
14	137
14	240
14	284
14	319
14	353
15	113
15	184
15	188
15	233
15	240
15	327
16	75
16	115
16	272
16	303
17	239
18	51
18	97
18	141
18	262
18	282
18	347
18	406
19	158
19	161
19	366
19	469
19	476
20	64
20	128
20	129
20	305
20	342
20	466
21	313
21	491
22	177
22	367
23	266
23	320
23	365
23	376
24	32
24	90
24	194
24	248
24	379
24	487
24	490
25	57
25	79
25	105
25	136
25	145
25	287
25	380
26	76
26	83
26	115
26	179
26	190
26	398
27	151
27	423
28	87
28	193
28	299
28	353
28	400
29	231
29	248
29	351
29	469
30	105
30	120
30	147
30	327
30	425
31	127
31	142
31	167
31	237
31	409
32	96
32	390
32	493
33	106
34	40
35	49
35	93
35	106
35	144
35	263
35	365
35	464
36	92
36	183
36	254
36	287
36	354
37	357
37	475
38	113
38	266
38	407
38	431
41	113
41	231
42	70
42	139
42	227
43	142
44	365
45	130
45	133
45	473
46	254
46	430
46	435
46	449
47	124
47	378
48	185
48	225
48	484
49	133
49	153
49	183
49	322
49	410
49	425
50	57
50	100
50	116
50	203
50	328
50	390
51	135
51	139
52	349
52	374
52	443
53	97
53	116
53	175
53	181
53	194
53	449
53	481
54	62
54	371
54	449
55	317
55	467
56	118
56	261
56	419
57	59
57	62
57	124
57	192
58	68
58	189
58	259
58	284
59	151
59	409
60	123
60	130
60	177
60	215
60	363
60	462
60	486
61	114
61	116
61	276
61	284
61	359
61	373
61	469
62	202
62	241
62	309
62	370
63	264
63	326
63	420
63	476
64	160
64	172
64	285
64	411
65	95
65	339
66	137
66	143
66	188
66	315
66	439
66	456
67	149
67	345
67	467
67	484
68	94
68	129
69	149
69	255
69	293
69	342
69	384
70	220
70	326
71	273
71	281
71	377
72	103
72	261
72	267
72	310
72	379
72	394
72	464
72	471
73	239
73	274
73	283
73	298
74	283
74	327
74	351
74	367
76	123
77	155
77	218
77	383
78	345
78	453
78	468
78	484
79	139
79	234
79	491
80	151
80	206
80	267
80	379
80	474
81	273
81	373
81	451
82	171
82	259
82	272
82	302
82	473
83	131
83	224
84	205
84	271
84	448
84	484
85	133
85	318
85	429
85	488
86	167
86	304
87	165
87	184
88	262
88	284
88	357
88	414
88	436
89	95
89	281
89	347
89	489
89	498
90	413
90	422
90	443
91	103
91	178
91	234
91	270
91	319
92	175
92	180
92	189
92	398
93	102
93	156
93	329
93	402
94	186
94	209
94	282
94	380
94	394
95	204
95	268
96	167
96	207
96	294
96	335
96	343
96	384
97	217
97	402
98	120
98	148
98	294
98	309
98	352
99	129
99	151
99	273
99	432
101	216
101	238
101	274
101	304
101	431
102	170
102	238
102	262
103	154
103	169
103	195
103	340
103	363
104	112
104	189
104	348
105	133
105	149
105	193
105	225
105	253
105	320
105	484
106	182
106	316
106	479
107	187
107	210
107	294
107	389
107	423
108	141
108	284
108	310
108	350
108	355
109	192
109	242
109	307
109	471
110	306
110	348
111	165
111	260
111	369
111	428
111	450
112	224
112	324
112	380
113	283
113	373
113	453
114	247
115	175
115	235
115	309
115	351
115	352
115	372
115	402
115	473
116	245
118	495
119	217
119	268
119	382
119	396
119	433
119	461
120	256
120	260
120	423
121	323
122	394
122	397
122	457
123	247
124	258
124	260
125	161
125	268
125	283
125	355
125	449
126	148
126	185
126	258
126	273
126	389
126	408
127	276
127	287
127	331
127	491
127	492
128	449
129	258
130	179
131	189
131	196
131	213
131	327
132	150
132	183
132	300
133	176
133	311
133	368
133	380
133	420
133	447
134	183
134	325
134	367
134	499
135	244
135	286
136	156
136	199
136	440
137	487
138	200
138	234
138	273
139	236
139	247
139	259
139	357
139	376
140	185
140	466
140	475
142	148
142	151
142	303
143	422
144	237
144	271
144	399
144	406
145	327
145	361
145	489
146	280
146	345
146	400
146	414
146	442
146	482
147	463
147	477
148	177
148	231
148	243
149	336
149	376
149	422
150	206
151	266
151	349
151	451
151	464
152	210
152	284
153	172
153	198
153	463
154	163
154	246
154	343
155	274
155	450
157	220
157	248
159	197
159	267
159	292
159	310
161	238
161	439
162	303
162	473
163	340
163	389
163	410
164	197
164	300
164	378
164	400
164	459
165	168
165	169
165	181
165	271
165	287
165	299
165	409
166	176
166	248
166	319
166	336
166	356
166	359
167	225
167	448
167	473
168	370
168	462
169	488
170	385
171	218
171	268
171	350
171	425
172	191
172	249
172	303
172	317
173	320
174	177
174	458
175	236
175	480
176	217
176	228
177	211
177	280
177	401
178	434
179	222
179	378
179	447
179	465
180	318
180	419
181	267
181	292
182	210
183	286
183	436
184	268
184	288
184	327
184	394
185	241
185	254
185	416
185	449
185	491
187	260
187	331
188	474
189	226
189	305
191	232
191	320
191	479
192	289
192	336
192	347
192	447
193	335
193	377
193	396
193	475
194	288
194	337
194	346
195	240
195	273
195	388
195	429
196	388
196	427
196	453
196	495
197	244
198	494
199	268
199	271
199	333
199	369
199	470
200	206
200	325
200	335
200	363
201	256
201	459
201	498
202	266
202	439
202	457
202	487
203	331
204	276
204	415
205	327
205	393
205	484
205	485
206	332
206	381
206	434
207	406
208	265
209	249
209	255
209	381
209	444
210	237
211	242
211	258
211	282
211	319
211	328
211	434
213	323
214	360
214	394
214	429
215	241
215	497
216	225
216	424
216	437
217	280
217	282
217	367
217	437
218	283
218	407
219	301
219	312
219	431
221	481
222	424
222	431
223	253
223	398
223	455
224	245
224	376
225	406
225	438
226	291
226	352
226	433
227	232
227	283
227	407
228	467
229	314
230	239
230	342
230	391
231	394
232	268
232	391
234	392
235	288
235	437
236	447
237	301
240	261
240	399
240	473
241	315
242	307
244	287
244	378
245	397
246	283
246	384
246	395
246	430
247	296
247	477
248	257
249	486
250	316
250	496
251	451
252	264
252	481
254	264
254	270
254	286
254	434
254	453
255	271
255	397
256	476
257	268
257	277
259	454
259	494
260	311
260	313
260	316
260	476
261	410
262	455
263	289
264	349
265	373
266	389
266	437
268	405
269	343
269	375
269	497
270	439
271	301
271	498
272	457
273	285
273	461
273	465
274	338
274	350
274	462
274	494
275	381
277	339
277	373
277	378
277	387
277	444
278	304
278	305
278	361
278	418
278	492
278	495
280	299
280	455
280	470
280	479
281	440
281	492
282	291
282	306
282	333
283	409
283	430
283	433
284	329
284	342
284	477
285	428
286	288
286	343
286	354
286	374
286	428
287	318
288	344
288	353
289	444
289	476
290	341
290	434
290	465
292	316
292	480
293	388
293	404
293	433
293	440
293	459
296	348
298	346
299	421
299	459
300	324
300	399
300	413
301	472
302	305
302	373
302	479
303	319
304	479
304	496
305	340
305	421
308	324
308	367
308	393
308	419
308	460
309	431
310	389
311	364
312	422
313	322
314	325
316	345
316	349
318	331
319	337
321	329
321	413
321	489
322	334
323	373
323	404
323	408
324	360
325	341
325	386
328	329
329	496
330	441
330	451
331	377
331	399
331	422
331	480
332	395
332	405
334	426
335	342
335	444
335	491
336	407
337	409
339	375
340	353
340	378
341	379
342	419
345	389
348	479
349	426
349	430
349	488
350	411
350	440
350	442
351	399
351	415
352	429
353	399
353	496
354	402
357	485
358	472
358	477
359	363
361	479
362	476
362	485
364	479
365	413
366	481
367	472
369	393
369	475
370	448
371	444
374	409
375	401
375	402
377	440
377	461
379	433
383	476
384	432
385	397
388	440
390	495
392	449
394	398
394	451
395	488
396	451
397	437
399	427
399	443
403	485
405	469
406	429
407	441
408	464
408	491
411	427
413	462
417	496
418	425
419	447
419	472
420	435
421	492
423	437
430	438
432	457
436	458
436	498
437	450
440	463
442	463
444	490
449	453
449	487
451	460
451	465
456	468
467	474
471	497
474	477
475	482
477	482
