# Undirected graph (each unordered pair of nodes is saved once): datasets/final/500/graph_500_2000.txt
# Undirected Erdos-Renyi random graph.
# Nodes: 500 Edges: 2000
# NodeId	NodeId
0	187
0	207
0	229
0	243
0	323
0	403
0	486
1	24
1	46
1	73
1	146
1	150
1	244
1	437
2	32
2	51
2	58
2	94
2	121
2	140
2	219
2	309
2	387
2	416
3	70
3	97
3	187
3	200
3	244
3	250
3	337
3	405
4	43
4	104
4	109
4	126
4	133
4	168
4	301
4	410
5	26
5	116
5	205
5	267
5	434
5	495
6	107
6	157
6	220
6	256
7	119
7	213
7	301
7	324
7	480
7	487
8	151
8	174
8	184
8	197
8	228
8	296
8	307
8	401
9	94
9	107
9	159
9	162
9	308
9	342
9	361
9	385
9	406
10	11
10	44
10	162
10	163
10	286
10	294
10	398
10	409
10	423
10	452
11	26
11	80
11	108
11	444
11	464
11	495
12	41
12	192
12	211
12	280
12	354
12	400
12	494
13	14
13	181
13	188
13	265
13	288
13	293
13	355
13	400
13	404
14	50
14	226
14	309
14	314
14	321
14	429
15	26
15	335
15	400
16	65
16	81
16	191
16	330
16	371
17	137
17	162
17	184
17	261
17	312
17	405
18	80
18	178
18	250
18	330
18	377
18	420
18	451
18	478
19	41
19	189
19	233
19	324
19	334
19	380
19	388
19	392
19	469
20	37
20	72
20	73
20	90
20	106
20	182
20	218
20	232
20	274
20	368
20	423
20	460
21	70
21	204
21	207
21	259
21	264
21	386
21	434
21	480
22	52
22	226
22	242
22	455
23	26
23	34
23	48
23	126
23	221
23	258
23	280
23	375
23	433
23	444
23	455
24	54
24	68
24	202
24	244
24	268
24	280
24	317
24	461
24	465
25	64
25	83
25	233
25	237
25	239
25	243
25	262
25	263
25	394
25	400
25	489
26	202
26	311
26	323
27	46
27	48
27	55
27	127
27	170
27	302
27	369
27	408
27	497
28	65
28	66
28	155
28	227
28	247
28	251
28	493
29	67
29	154
29	309
29	451
29	487
30	235
30	313
30	385
30	387
31	46
31	75
31	115
31	155
31	196
31	244
31	264
31	285
31	336
31	359
31	388
32	223
32	289
32	407
32	427
33	74
33	129
33	291
33	460
34	41
34	121
34	152
34	175
34	324
34	467
35	117
35	176
35	314
35	320
35	325
35	353
35	365
35	427
35	467
35	484
36	39
36	60
36	111
36	137
36	189
36	236
36	356
36	404
36	437
36	487
37	98
37	124
37	158
37	175
37	340
37	350
38	49
38	129
38	181
38	248
38	270
38	320
38	327
38	398
39	56
39	76
39	107
39	131
39	171
39	197
39	222
39	223
39	250
39	258
39	262
39	270
39	306
39	313
39	390
39	427
40	68
40	82
40	470
41	74
41	82
41	194
41	303
41	346
41	416
42	55
42	151
42	364
42	375
43	142
43	239
43	271
43	284
43	306
43	433
44	196
44	248
44	309
44	391
44	485
44	491
45	109
45	115
45	189
45	194
45	243
45	276
45	295
45	442
46	149
46	150
46	152
46	334
46	347
46	445
46	457
47	73
47	137
47	169
47	252
47	278
47	316
48	57
48	65
48	105
48	114
48	163
48	172
48	182
48	283
48	292
48	310
48	335
48	357
49	77
49	141
49	197
49	315
49	316
49	347
49	484
50	82
50	109
50	171
50	272
50	329
50	376
51	293
51	311
51	360
52	100
52	265
52	316
52	331
52	401
52	416
52	481
53	170
53	182
53	234
53	295
53	341
53	358
54	61
54	163
54	405
54	409
55	58
55	83
55	119
55	124
55	129
55	315
55	346
55	404
56	59
56	64
56	110
56	140
56	248
56	258
56	286
56	321
56	344
56	385
56	395
56	463
56	468
56	475
56	477
57	62
57	78
57	83
57	111
57	353
57	372
57	388
57	399
57	420
57	484
58	65
58	80
58	333
58	476
58	496
58	497
59	178
59	222
59	227
59	250
59	268
59	271
59	300
59	306
59	344
59	353
60	74
60	99
60	192
60	196
60	270
60	372
60	377
60	393
60	416
61	159
61	214
61	261
61	291
61	340
61	401
61	413
61	449
61	463
62	189
62	289
62	331
62	332
62	424
62	431
62	439
62	476
63	88
63	90
63	96
63	126
63	149
63	225
63	305
63	366
63	428
64	108
64	132
64	148
64	187
64	266
64	380
65	93
65	132
65	160
65	219
65	237
65	293
65	301
65	319
65	333
65	439
66	120
66	183
66	330
66	481
67	92
67	140
67	201
67	245
67	251
67	252
67	289
67	332
67	342
68	120
68	278
69	130
69	147
69	349
69	396
69	398
70	161
70	187
70	233
70	309
70	379
71	235
71	283
71	371
71	399
71	432
71	433
71	446
72	79
72	168
72	275
72	318
72	389
73	88
73	229
73	242
73	344
73	361
74	215
74	224
74	278
74	298
74	391
74	392
75	152
75	155
75	169
75	244
75	372
75	399
75	433
75	495
76	310
76	356
76	411
76	414
76	417
76	429
76	468
77	99
77	155
77	196
77	257
77	266
77	387
77	394
77	435
78	136
78	158
78	203
78	281
78	299
78	370
78	451
78	486
79	194
79	276
79	316
79	371
79	435
79	448
79	477
80	103
80	221
80	327
80	329
80	436
81	118
81	216
81	335
81	376
81	485
82	118
82	210
82	348
82	368
82	431
82	442
83	122
83	344
83	393
83	488
84	139
84	149
84	164
84	264
84	381
84	488
85	103
85	276
85	313
85	428
86	99
86	105
86	204
86	266
86	272
86	290
86	359
87	180
87	250
87	288
87	305
88	123
88	128
88	305
88	308
88	326
88	383
89	193
89	246
89	295
89	304
89	311
89	387
89	454
90	176
90	185
90	246
90	308
90	406
90	410
90	427
91	136
91	159
91	164
91	183
91	188
91	311
91	323
91	422
91	423
91	431
92	97
92	98
92	105
92	181
92	196
92	210
92	223
92	378
92	408
92	419
92	476
92	483
92	494
93	97
93	101
93	114
93	161
93	179
93	243
93	389
94	154
94	173
94	252
94	262
94	283
94	349
94	415
95	147
95	189
95	399
95	426
96	106
96	189
96	239
96	342
96	347
96	436
96	440
96	474
96	486
96	497
96	499
97	141
97	166
97	191
97	226
97	229
97	366
97	393
97	394
97	457
98	102
98	106
98	185
98	229
98	327
98	479
99	156
99	318
99	369
100	127
100	153
100	262
100	276
100	401
100	407
100	450
100	470
101	256
101	472
102	143
102	157
102	211
102	227
102	386
102	473
103	160
103	174
103	202
103	245
103	275
103	291
103	312
103	317
103	338
103	366
103	447
103	481
104	108
104	111
104	441
104	475
104	494
105	138
105	224
105	294
105	391
105	409
105	470
105	493
106	115
106	317
106	360
106	372
106	382
106	395
107	225
107	315
107	454
107	462
108	217
108	286
108	293
108	379
108	419
108	446
108	496
109	147
109	225
109	231
109	233
109	299
109	335
109	391
109	427
109	455
109	469
110	205
110	266
110	331
110	351
110	468
110	470
111	228
111	237
111	292
111	339
111	365
111	426
111	446
111	466
111	477
112	141
112	168
112	226
112	233
112	273
112	352
112	388
113	194
113	201
113	206
113	217
113	279
113	357
113	416
113	440
113	480
114	118
114	188
114	195
114	253
114	308
114	382
114	409
114	413
115	138
115	219
115	333
115	363
115	468
116	353
116	483
117	157
117	192
117	210
117	366
117	380
117	484
118	189
118	222
118	246
118	279
118	423
118	470
118	491
119	150
119	183
119	194
119	361
119	388
119	493
120	139
120	264
120	423
121	151
121	178
121	246
121	301
121	308
121	349
121	379
122	149
122	158
122	295
122	342
122	360
122	388
123	180
123	241
123	296
123	325
123	346
123	396
123	413
123	427
124	178
124	310
124	384
124	485
125	159
125	230
125	349
125	403
125	451
125	481
125	488
125	489
126	183
126	189
126	220
126	230
126	338
126	357
126	429
126	480
126	483
127	166
127	187
127	233
127	263
127	290
127	341
127	408
127	449
127	458
128	152
128	426
128	430
128	448
129	145
129	367
129	371
129	399
130	202
130	386
130	405
130	410
130	424
130	455
130	475
131	157
131	217
131	330
131	434
131	454
131	458
131	471
132	302
132	419
132	480
133	205
133	343
133	368
133	371
133	450
134	136
134	139
134	278
134	291
134	306
134	316
134	385
134	397
135	217
135	264
135	282
135	365
135	378
135	498
136	181
136	184
136	193
136	209
136	218
136	245
136	255
136	270
136	271
136	402
136	445
137	149
137	401
137	475
138	194
138	195
138	211
138	237
138	301
138	353
138	393
138	394
138	447
139	173
139	223
139	323
139	470
140	167
140	171
140	274
140	347
141	156
141	245
141	388
141	497
142	188
142	206
142	274
142	284
142	319
142	457
142	491
143	239
143	331
143	346
143	463
143	475
144	166
144	186
144	270
144	330
144	336
145	155
145	244
145	275
145	288
145	329
145	492
146	327
146	355
146	494
147	148
147	173
147	279
147	290
147	296
147	304
147	309
147	330
147	407
147	440
147	479
148	197
148	259
148	282
148	354
148	494
149	150
149	300
149	483
149	487
150	225
150	243
150	321
150	329
150	429
151	182
151	293
151	329
151	370
151	392
151	427
151	465
151	491
152	159
152	200
152	232
152	247
152	404
152	426
152	433
152	441
153	183
153	228
153	380
154	178
154	213
154	484
155	214
155	298
155	305
155	317
155	434
156	208
156	285
156	411
156	438
156	447
156	483
156	487
157	363
158	375
158	384
158	438
158	449
158	475
158	490
159	349
159	420
159	445
160	255
160	374
160	440
161	206
161	215
161	371
161	374
161	391
161	476
161	486
161	497
162	201
162	342
162	431
162	432
162	480
163	261
163	331
163	333
163	338
163	436
163	491
163	499
164	226
164	352
164	364
164	369
164	387
164	484
165	183
165	237
165	284
165	295
165	380
165	413
165	471
166	333
166	410
166	451
166	484
167	191
167	321
167	329
167	339
167	454
167	467
168	236
168	241
168	247
168	324
168	375
168	437
168	478
169	268
169	383
169	395
169	413
170	260
170	315
170	316
170	410
170	425
170	437
171	179
171	180
171	182
171	191
171	323
171	338
171	375
171	420
171	449
171	493
172	186
172	190
172	283
172	379
172	421
172	431
172	447
172	451
173	268
173	340
173	497
174	231
174	256
174	305
174	314
174	359
174	384
174	479
175	229
175	420
175	462
175	498
176	209
176	217
176	237
176	323
176	327
176	340
176	357
176	485
177	204
177	256
177	318
177	380
177	464
178	215
178	265
178	424
179	259
179	291
179	310
179	342
179	377
179	408
179	451
179	455
179	469
179	482
180	317
180	362
180	374
180	432
180	434
180	435
180	468
180	471
180	484
181	210
181	295
181	350
181	407
181	447
182	196
182	239
182	249
182	319
182	342
182	365
182	416
182	497
183	305
183	397
183	434
184	217
184	287
184	317
184	418
184	421
184	447
185	209
185	312
185	364
185	368
185	396
185	398
185	414
185	417
185	488
186	193
186	335
186	338
186	342
186	348
186	350
186	384
186	418
186	475
187	233
187	249
187	353
187	489
187	499
188	193
188	233
188	281
188	365
188	381
188	452
188	456
189	274
189	345
189	376
189	384
190	311
190	399
191	214
191	266
191	319
191	481
192	198
192	431
192	493
193	420
194	208
194	211
194	230
194	433
194	490
195	308
195	316
195	330
195	374
195	415
195	431
196	212
196	366
196	381
196	446
196	462
196	497
197	204
197	295
197	368
197	437
198	372
198	409
198	428
199	276
199	283
199	417
200	208
200	218
200	306
200	331
200	416
200	470
201	229
201	241
201	421
201	462
202	228
202	428
202	488
203	374
203	400
203	402
203	406
204	221
204	249
205	207
205	290
205	353
205	390
205	422
206	255
206	278
206	316
206	408
206	410
206	491
206	499
207	282
207	365
208	252
208	304
208	366
208	380
208	448
208	495
209	287
209	300
209	352
209	353
209	406
209	434
209	469
209	482
210	231
210	369
210	399
210	450
211	256
211	308
211	386
212	259
212	426
212	478
212	494
213	259
213	262
213	354
213	396
214	267
214	359
214	484
215	220
215	222
215	281
215	323
215	371
215	448
215	481
216	279
216	441
217	267
217	331
217	349
217	424
217	434
217	436
217	439
217	448
217	499
218	275
218	307
218	321
218	403
218	405
218	448
218	484
218	497
219	271
219	411
219	431
220	270
220	340
220	349
220	350
221	235
221	244
221	322
221	385
221	387
221	412
222	327
222	348
222	463
222	494
223	260
223	283
223	314
223	336
223	384
223	404
223	474
224	293
224	437
224	452
225	275
225	291
225	309
225	333
225	393
225	419
225	441
226	269
226	431
226	434
226	440
227	354
227	360
227	460
229	308
229	335
229	409
229	412
229	476
230	233
230	284
230	407
230	485
230	490
231	286
231	412
231	427
232	256
233	247
233	268
233	288
233	376
234	244
234	359
234	360
234	370
234	426
234	453
234	480
235	332
236	280
236	435
237	251
237	299
237	391
237	410
237	439
237	455
237	484
238	362
238	415
238	466
238	497
238	498
239	275
239	365
240	348
240	356
241	279
241	294
241	348
242	321
242	334
242	363
242	446
242	477
244	384
244	405
244	442
245	270
245	294
245	359
245	414
246	303
246	317
246	325
246	350
247	260
247	272
247	347
247	418
248	335
248	435
248	446
248	460
248	476
249	286
249	291
249	350
249	389
250	269
250	293
250	386
250	464
251	457
252	410
253	275
253	363
253	383
253	482
254	335
254	365
255	263
255	285
255	490
256	330
257	408
257	410
257	494
258	323
258	367
258	473
259	271
259	331
259	341
261	264
261	280
261	307
261	343
262	317
262	368
262	464
262	486
263	276
263	331
263	337
263	338
263	378
263	404
263	430
264	301
264	313
264	319
265	315
265	380
265	412
265	449
266	269
266	283
266	295
266	452
266	464
267	276
267	335
268	319
268	333
268	344
268	453
269	420
269	489
270	406
271	286
271	392
271	406
271	425
272	288
272	314
272	315
272	317
272	360
272	389
272	410
272	464
273	297
273	314
273	329
273	357
273	476
274	298
274	359
274	492
275	302
275	347
275	466
275	478
275	494
276	318
276	330
276	333
276	367
276	455
276	497
277	296
277	393
277	494
278	318
278	344
278	452
278	498
279	407
279	460
280	343
280	346
280	376
280	381
280	412
280	450
280	478
281	292
281	362
281	372
281	395
282	326
283	416
284	322
284	337
284	445
285	393
285	395
285	491
286	337
286	356
286	404
286	415
286	436
287	355
287	392
287	394
288	319
288	373
289	333
290	402
290	463
291	446
291	476
292	449
293	376
293	382
293	385
294	362
294	421
295	317
295	356
295	399
295	430
295	490
296	429
296	483
297	431
298	310
298	331
298	444
298	477
299	330
299	337
299	352
299	465
299	486
300	309
300	390
300	472
300	497
301	387
301	410
302	397
302	414
303	319
303	332
303	358
303	361
303	376
303	478
304	327
304	497
305	326
305	458
306	313
306	351
306	377
306	384
306	391
306	401
306	411
307	331
308	337
308	460
309	317
309	329
309	350
310	334
310	369
310	462
311	403
312	341
312	415
312	453
312	486
312	493
313	338
313	493
314	361
314	383
314	415
314	485
315	478
316	456
316	496
317	318
317	326
318	394
318	411
319	433
319	462
319	497
320	353
320	354
320	388
320	447
320	454
320	497
322	328
322	392
322	490
323	344
323	366
323	424
323	450
324	331
324	334
324	358
324	406
324	430
324	469
324	481
324	491
325	406
325	413
326	337
327	331
327	346
327	416
327	496
328	336
328	355
328	416
329	421
329	445
329	461
329	479
330	331
330	334
331	354
331	382
331	466
331	484
332	347
332	420
332	486
333	373
334	365
334	368
334	480
335	356
335	380
335	442
335	468
336	459
336	494
337	363
337	407
337	412
338	397
338	446
338	447
338	466
338	494
339	435
339	446
339	488
340	363
340	410
340	489
341	343
341	398
341	406
341	415
343	397
343	452
344	380
344	424
344	447
345	482
345	485
346	370
346	396
346	407
346	429
346	450
346	457
347	393
347	408
347	424
347	473
348	356
348	368
348	384
348	424
348	427
348	432
348	433
348	475
349	363
349	394
349	436
349	439
350	382
350	480
350	486
351	387
351	445
351	452
351	474
351	477
352	397
352	453
354	366
354	430
354	444
355	382
355	402
355	437
355	490
356	381
356	450
356	470
356	476
356	481
358	499
359	416
359	437
359	471
360	402
360	416
360	423
360	489
362	367
362	384
362	427
363	432
363	468
363	478
363	480
363	488
364	436
364	441
364	463
365	399
365	446
366	412
366	495
368	406
368	430
368	493
369	440
369	458
370	415
370	481
372	380
374	402
374	429
374	444
374	482
375	382
375	415
375	499
376	477
377	444
377	445
377	497
379	439
379	453
380	421
380	444
381	402
381	421
382	388
383	388
384	486
385	394
386	438
386	461
386	481
386	482
387	416
387	444
387	488
387	490
389	422
390	406
390	420
390	463
392	455
393	411
393	451
393	494
394	397
394	417
394	441
395	442
395	447
397	426
398	456
398	461
398	486
399	424
399	460
400	439
400	455
400	456
400	469
401	412
402	446
402	449
402	451
402	458
402	469
402	498
403	425
403	436
403	468
405	417
405	421
405	488
406	452
406	474
408	443
408	455
408	479
409	485
410	417
414	482
415	451
416	421
416	483
417	480
419	431
419	452
420	439
420	462
420	474
421	424
422	454
422	457
422	493
423	478
424	435
425	444
426	455
426	473
426	481
426	492
429	454
430	457
431	473
432	439
432	485
432	497
433	459
434	478
435	463
435	470
436	450
440	450
440	473
440	476
440	482
441	475
442	485
442	496
443	444
445	489
445	497
448	496
451	481
452	463
453	499
454	496
455	489
457	463
458	461
467	470
467	476
472	483
472	497
473	481
475	482
478	481
479	487
482	485
490	496
497	499
