# Undirected graph (each unordered pair of nodes is saved once): datasets/final/5000/graph_5000_8000.txt
# Undirected Erdos-Renyi random graph.
# Nodes: 5000 Edges: 8000
# NodeId	NodeId
0	577
0	2143
1	586
1	902
1	4674
1	4994
2	2156
2	2409
3	252
3	458
3	1697
3	2951
4	506
4	971
4	1504
4	4020
4	4553
4	4607
5	1557
5	1698
6	1772
6	2233
6	2977
6	3276
6	4919
7	2524
7	3293
8	789
8	1870
8	4933
9	2021
10	1178
10	1455
11	24
11	581
11	1345
11	1604
11	3201
11	4508
12	1653
12	1960
12	3499
12	3592
13	1847
13	4347
14	143
14	1428
14	1761
14	1951
14	3002
15	2532
15	3573
16	775
16	971
16	3569
16	3775
17	886
17	1490
17	2023
17	2146
17	4101
19	1530
19	2502
19	4105
19	4354
20	215
20	528
20	1688
20	2651
20	2749
20	3038
20	3289
20	3350
20	4030
21	1609
21	3257
22	2442
22	2521
22	2710
22	3026
23	98
23	3128
23	4926
24	2320
24	3116
25	1692
26	933
26	4207
27	443
27	757
27	2961
28	347
29	2330
29	2401
29	2596
29	4223
29	4623
29	4904
30	561
30	1962
30	2888
31	1192
31	1827
32	3085
32	3306
32	3582
32	4118
32	4877
33	210
33	329
33	799
33	983
33	1131
34	1580
34	2533
34	3590
35	1291
35	2986
35	3142
36	1876
36	3164
36	3738
36	4787
37	4394
38	2344
38	3391
39	2936
39	4982
40	744
40	894
40	2947
40	4490
40	4705
42	2561
43	815
43	1216
43	2021
43	2728
43	4304
43	4704
43	4888
44	3067
44	4357
45	1142
45	1959
45	2116
45	2300
45	3717
45	4320
45	4432
45	4527
45	4976
46	2496
46	2562
47	4828
48	606
48	1010
48	1872
48	4788
49	506
49	1937
50	712
50	971
50	1028
51	138
51	2177
52	1572
52	3452
52	4043
52	4295
52	4987
53	1262
53	3443
53	4181
54	2769
54	4888
55	268
55	585
55	1864
55	2173
55	4058
56	554
56	2138
56	2516
57	4123
58	1744
58	4345
58	4372
59	1097
59	4023
60	266
60	713
60	2664
61	1087
62	72
62	1883
63	892
63	1068
63	2451
63	3691
63	4087
64	441
64	1246
65	2867
65	2874
66	457
66	707
66	1490
67	2582
68	1353
69	657
69	1999
69	2137
69	3766
69	4651
69	4745
69	4945
70	3702
70	4080
70	4356
70	4740
71	644
71	1997
71	3857
72	1513
72	2730
72	2889
72	3298
72	4032
72	4787
73	4748
73	4833
74	4196
75	3744
76	832
76	1778
76	2344
76	4650
77	1172
77	2264
77	2337
78	279
78	1454
78	2240
78	2275
78	4042
78	4198
78	4825
79	1032
79	1355
80	2078
80	3249
81	1514
82	343
82	2654
83	3290
83	3334
83	4831
84	2291
84	3397
84	4599
85	4518
86	800
86	2206
86	3105
86	3481
87	2117
87	4810
88	1041
88	2127
88	2248
88	2396
88	3948
89	1945
89	4452
90	1370
90	3958
90	4107
90	4605
91	786
91	4239
91	4351
91	4755
92	1852
93	615
93	2091
93	3214
93	3966
95	179
95	1252
95	1542
95	1720
95	1772
95	2492
95	2690
95	2818
96	344
96	4518
97	488
97	893
97	1564
97	1833
97	3599
98	2227
98	3941
99	1099
100	3692
100	3795
100	4796
100	4813
101	1590
101	1616
102	514
102	925
102	1513
102	2173
102	2898
102	3026
102	3117
102	3391
103	469
103	524
104	159
104	1290
105	1485
105	4032
105	4922
107	2078
107	4642
108	1272
108	1860
108	4221
108	4726
109	1732
109	3162
109	4057
109	4529
110	3455
110	4963
111	1387
111	1463
111	1611
111	2190
111	2365
111	4742
112	1757
112	2923
112	4473
113	2348
113	2968
113	3245
113	3375
113	3563
114	351
114	673
114	1013
114	2713
114	2949
114	3298
114	3710
115	472
115	1396
115	3191
115	3930
115	4345
116	506
116	951
116	1976
116	2202
117	1753
117	2038
117	3736
117	4602
118	471
118	1270
120	251
120	252
120	2742
120	2789
120	2828
120	3226
120	3271
121	4485
122	504
122	934
122	1689
122	2217
123	1487
123	1543
123	1951
123	4229
124	480
124	4525
125	281
125	679
125	1317
125	2138
125	3952
125	4098
126	2744
126	3976
126	4112
126	4867
127	645
127	3061
127	3757
127	3989
127	4310
128	723
128	926
129	1125
129	1552
129	2780
130	554
130	733
130	1258
130	1767
130	4575
130	4866
131	708
131	965
131	1105
131	3211
131	4376
132	809
132	1992
132	2236
132	2277
132	2451
132	4515
134	1075
135	668
135	2747
135	3163
136	1325
136	1377
136	3743
136	3909
137	595
137	917
137	3984
137	4565
138	588
138	1035
138	1469
138	4310
138	4358
139	1449
140	642
140	2686
141	2660
141	3050
141	4277
142	588
142	1979
142	2298
142	3179
142	3587
143	1742
143	2027
143	2993
143	4223
144	4110
145	1399
145	4218
146	1764
146	1886
146	1903
146	2099
147	658
147	2215
148	262
148	1105
148	1402
148	2019
149	393
149	1033
149	2396
149	2508
149	2684
149	2768
149	4083
149	4298
151	325
151	3562
152	793
152	4246
152	4632
153	1985
153	3388
153	3663
154	2680
154	2742
154	3303
154	4110
154	4153
155	2954
155	3475
156	432
156	479
156	2597
156	3753
157	1502
157	3993
157	4481
158	1579
158	2296
158	2720
158	3618
159	1897
159	1983
160	1407
160	2374
161	615
161	1091
161	1869
161	2393
161	4702
162	1467
163	1176
163	2365
163	4154
164	1768
164	2047
165	347
165	698
165	2093
166	4397
167	686
167	2565
168	744
169	192
169	1429
169	2166
169	3980
169	4930
170	279
170	2711
170	3305
170	4743
170	4860
170	4895
171	384
171	772
171	1651
171	2296
171	2562
171	3475
172	349
172	1678
172	2466
172	3173
172	4530
173	3110
173	4327
173	4567
174	807
174	1255
174	2675
174	2750
174	4799
175	1567
175	2084
175	2511
175	4426
176	2972
176	3088
177	684
177	1983
177	2474
177	3399
177	4447
178	2429
178	3505
178	4813
179	2144
179	4943
180	1634
180	1712
180	1934
180	2061
180	2780
180	3968
180	4665
181	1630
181	3234
181	3993
182	2154
182	3182
182	3575
183	4130
184	796
184	1788
185	1132
185	1259
185	2090
185	2854
186	3450
186	4160
187	1764
187	2941
187	3499
187	4251
187	4424
187	4628
188	3368
189	3106
189	4119
190	666
190	3266
190	4244
190	4715
191	1365
191	2255
191	4327
192	2066
192	2520
192	2943
192	4236
193	294
193	1360
193	2999
193	3373
193	3900
194	1113
194	1127
194	1580
195	699
195	3628
195	4578
196	4314
196	4406
196	4550
197	1440
197	4792
198	3402
198	3814
198	4220
198	4479
199	1653
199	4410
200	1034
200	1138
200	2582
200	3535
200	4202
201	722
201	1529
201	4544
201	4878
202	1248
202	3755
203	2268
204	3604
206	1182
206	3188
207	458
207	2967
207	4365
208	453
208	590
208	1468
209	1180
209	2964
209	3728
210	1269
210	2050
210	2068
211	887
211	1008
211	1467
211	1724
211	2132
211	2300
211	2466
211	3693
211	4183
212	2736
213	2583
214	1597
214	1891
214	4980
215	241
215	2416
215	2648
215	4005
215	4110
215	4210
216	545
216	3788
217	301
217	1631
217	3282
218	696
218	3964
219	1927
219	3311
219	4047
220	913
220	1816
220	2626
220	2975
220	4990
221	1801
221	2360
221	2518
221	2911
221	4070
222	570
223	672
223	1090
223	2204
223	3536
223	4574
224	1146
224	1528
224	2054
224	3366
225	1950
225	2656
225	3941
226	244
226	573
226	1646
227	766
227	2339
227	3248
227	3644
228	574
228	640
228	906
228	2615
228	3626
229	323
229	3822
230	817
230	1024
230	1114
230	1468
230	1532
230	1762
230	2324
230	2352
231	2259
231	3118
231	3657
232	1153
232	1678
232	3407
232	3618
232	4136
232	4239
233	252
233	857
233	2273
233	3307
233	3893
233	4937
234	1476
234	4945
236	2057
237	2301
237	3776
237	4065
237	4179
238	425
238	1929
239	1892
239	4366
240	4569
241	465
241	1082
241	1817
241	2748
241	3047
241	3058
241	3675
243	2818
243	3945
244	893
244	4126
245	360
245	716
245	1242
246	907
247	1734
247	4269
247	4522
248	890
248	3387
249	991
249	2487
249	3944
250	1234
250	2444
251	808
251	4227
252	1722
252	3445
252	4717
253	3058
253	4567
254	553
254	2598
255	2297
255	3871
255	4212
256	569
256	1677
256	2962
256	4833
257	1264
257	1615
258	630
259	1122
259	3310
259	3958
260	4904
261	1997
261	2735
261	3712
262	2118
262	4077
263	457
263	2383
263	3980
264	3613
264	4119
265	3235
265	3749
266	2956
267	801
267	992
267	1340
267	1900
267	2337
268	1449
268	1462
268	3645
268	4800
269	471
269	1983
269	3477
270	1238
270	2249
270	3493
270	4994
271	2790
271	3646
271	4498
272	693
272	996
272	3987
272	4931
273	2871
273	3645
273	4155
273	4251
273	4414
275	394
275	1677
275	1832
275	2323
275	2605
277	1098
278	2327
278	2852
278	3141
278	3177
278	3482
279	611
279	957
279	3011
279	3458
279	4231
279	4883
280	532
280	2066
280	3454
280	3645
280	3748
280	4410
280	4421
281	816
281	1247
281	1581
281	1755
281	2506
281	2966
283	558
283	1066
283	1813
283	3942
283	4227
284	682
284	1067
284	2817
284	4972
285	1019
285	1294
285	1539
286	692
286	2131
286	4165
287	1824
287	1887
287	2204
287	2703
287	3780
288	3861
290	1938
291	1768
291	2077
292	3024
293	1458
293	1530
293	2149
293	3448
293	4461
293	4818
294	2930
294	4027
294	4744
295	3930
295	4601
296	583
296	1746
296	2749
296	2948
297	501
297	3078
297	4846
298	359
298	3119
298	4099
299	536
299	4438
299	4775
300	543
300	3611
300	3645
300	4074
301	816
301	832
301	1330
301	1613
301	3521
301	3643
301	4293
302	3233
303	304
303	653
303	804
303	2256
303	3319
303	3459
303	3801
303	4886
304	321
304	1079
304	1144
304	1363
305	353
305	2584
305	4941
306	1296
306	1496
306	1513
306	3480
306	3733
307	2992
308	1209
308	1550
308	3726
308	3879
308	3975
308	4162
308	4627
309	1154
309	2823
309	2964
309	3035
309	4703
310	666
310	1145
311	2027
311	2187
311	3982
311	3983
312	2913
312	4240
313	1006
313	4494
314	1294
314	3325
314	4782
315	1248
315	2440
316	1978
316	2308
317	666
317	2106
317	4304
317	4690
318	1178
318	2171
318	3779
319	3764
319	3956
320	1573
321	1835
321	2182
321	3235
321	3530
322	1833
322	3482
322	4954
323	1252
323	3911
324	733
324	1505
324	3411
324	3999
324	4334
325	703
325	1907
325	2329
325	2615
325	2948
325	3301
327	1055
328	1159
328	2064
328	4627
329	4923
330	690
330	1282
330	1667
330	3072
331	627
331	3999
331	4464
332	2035
333	1622
333	2069
333	2936
333	3225
334	784
334	2334
334	2828
335	2560
335	2688
335	3763
335	4150
337	551
339	731
339	2732
339	4138
340	342
340	359
340	534
340	1542
340	1817
340	2199
340	2326
341	434
343	811
343	3030
344	1070
344	2194
344	3197
344	3633
344	4022
345	3925
346	438
346	1616
346	1642
346	3559
347	1337
347	3063
347	3363
347	3608
348	793
348	1562
348	1583
348	2717
348	4973
349	1155
349	2056
349	2760
349	4328
350	729
350	972
350	1783
351	536
351	1040
351	1306
351	3696
351	3855
352	1021
352	1538
352	3057
353	1377
354	1230
354	2811
354	3976
355	1185
355	2839
356	4293
356	4367
357	923
358	1179
358	2071
359	1293
359	1831
359	3083
359	3366
359	4251
360	2267
361	2017
361	2205
361	3556
362	3240
362	4752
363	1134
363	2817
364	1972
364	4851
365	2151
365	3840
365	4336
366	1362
366	2212
366	2348
366	2631
368	3409
368	4312
369	434
369	616
369	1482
369	1918
369	4471
371	531
371	1332
371	2939
372	810
373	871
373	3431
373	4941
374	3307
374	3598
374	4028
374	4292
375	897
375	2558
375	4480
375	4515
376	886
376	1492
376	2783
378	815
378	1158
378	2813
378	3148
378	3335
379	454
379	2079
379	2938
379	3074
379	4632
380	884
380	1085
380	2978
380	4040
381	1053
381	2773
381	3385
381	3709
381	4851
382	1679
382	2117
383	2329
383	3322
383	3780
384	1226
384	1823
384	2224
384	2393
384	4210
384	4742
385	2552
385	2967
385	3093
387	3443
388	984
388	1420
388	1573
388	3032
389	633
389	1489
389	4741
391	1180
391	1256
391	1661
391	3094
391	3833
392	533
392	854
392	3445
392	4620
393	4025
394	1920
394	2477
394	3223
394	3243
395	3049
395	4600
396	2662
396	3978
397	778
397	4583
398	2059
398	3495
398	3942
399	2366
399	2518
400	1970
400	2090
400	3864
401	868
401	1597
401	3103
401	3703
401	3890
401	4373
401	4434
401	4830
402	598
402	774
402	1691
402	2233
402	4285
403	1969
404	482
404	880
404	2344
404	3798
404	3846
405	751
405	1912
406	1956
406	3448
408	1269
408	1371
408	1618
408	3849
409	575
409	1213
409	3363
409	3847
409	4255
410	3915
411	798
411	1668
411	3262
411	4519
412	698
412	2145
412	2413
412	3390
412	4031
412	4155
412	4971
413	2137
415	870
415	1352
415	4368
416	703
416	2606
416	2956
416	4808
417	2077
417	2671
417	3768
417	4993
418	483
418	1303
418	1937
418	4297
418	4969
419	1961
419	2961
419	3043
420	1739
420	2895
420	4983
421	1874
421	2281
421	2293
422	1497
422	3853
422	4562
422	4665
423	600
423	2448
423	3941
423	4278
423	4523
424	1933
424	2774
425	426
425	2792
426	570
426	1877
426	3430
427	755
427	4448
428	825
428	1840
428	4204
429	516
430	769
430	1433
430	2162
431	1274
431	2573
431	2596
431	3328
431	4515
432	2048
432	2860
432	3698
433	1427
433	1493
433	2956
433	4056
434	1157
435	2083
435	2365
435	3618
435	4733
436	1349
436	1534
436	1541
436	3846
437	3268
437	4522
437	4688
438	1092
438	1866
438	1964
439	1490
439	2539
440	1190
440	3684
440	4374
441	1157
441	1690
441	2097
441	3200
441	3326
441	3892
442	2516
442	2683
443	2050
443	2188
443	3371
443	3378
443	3947
444	1198
445	2226
445	2253
445	4688
446	1523
446	2664
446	3844
447	1373
447	1739
447	2319
447	2326
447	2579
448	1833
448	2090
448	3108
449	1672
449	1747
449	3146
449	4763
450	2136
450	3059
450	3349
450	3841
450	4924
451	497
451	1289
451	3304
451	3318
452	3030
452	3134
452	3328
453	761
453	921
453	2598
453	4338
453	4587
454	2968
454	4677
455	959
455	3080
456	1489
457	2639
457	3662
457	3875
457	4217
458	3389
459	1519
460	1247
460	1248
460	1266
460	1585
460	1804
460	3240
460	3326
460	3831
461	4612
462	3491
462	3609
463	3316
463	3894
463	4012
463	4396
464	1312
465	726
465	4680
466	664
466	1893
466	2730
466	3251
467	810
467	3716
467	4173
468	835
468	4486
469	849
469	956
469	1496
469	2830
469	3913
469	4090
470	2367
470	4605
471	954
471	3829
471	4032
472	1032
472	1342
472	2032
472	2598
472	3492
472	4429
473	3790
473	4019
474	815
474	1052
474	1879
474	2455
474	2755
474	3852
474	4146
475	1978
475	2518
476	4953
477	3653
478	1227
478	1779
478	2392
478	2942
478	3787
479	995
480	541
480	1411
480	1790
480	2960
480	4148
480	4354
481	1436
481	2439
481	2903
482	516
482	1071
482	1577
482	1810
482	3044
483	2628
483	4373
484	574
484	2892
484	4101
485	1895
485	2698
485	4390
486	1180
486	1458
486	3984
486	4073
486	4960
487	4107
488	1550
488	2202
489	1069
489	1766
489	1979
489	2537
489	4817
490	699
490	977
490	1580
490	2899
490	3572
490	4237
492	1290
492	2162
492	3820
493	2485
493	3051
493	3058
494	1534
494	4382
495	1408
495	2095
495	2537
495	2615
495	2627
495	3795
496	4702
497	2690
497	3494
497	4565
498	1145
498	1513
498	1919
498	2961
498	3139
499	1679
500	3328
501	3681
501	4899
502	4483
502	4944
503	3965
503	4341
504	1224
505	898
507	4631
507	4813
507	4915
508	1163
508	1170
508	3207
508	3502
508	4290
509	3382
509	3863
510	1155
510	1778
510	2841
510	3204
510	4358
511	2615
511	4118
512	768
512	1122
512	2193
512	2259
512	2679
512	3208
513	1951
513	2814
513	2917
513	3973
515	2168
515	2433
515	2740
515	2817
515	3193
516	2923
516	4882
517	2857
517	4331
518	2831
518	3005
519	706
519	2225
519	3280
519	3428
520	1162
520	2332
520	2540
520	2665
520	4352
521	666
521	1400
521	3487
521	3644
521	4222
522	2002
522	2264
522	3625
522	4561
523	1827
523	2588
523	2644
524	3694
524	4093
526	3232
527	2639
527	4320
528	923
528	1332
528	1514
529	3151
529	4155
529	4249
530	619
530	628
530	814
530	1718
530	2584
530	3297
531	1126
531	1713
532	2233
532	3406
533	1664
534	3140
535	2130
536	2030
536	2274
536	3026
536	3431
536	4275
537	1273
537	4870
538	4451
539	3817
540	988
540	1130
540	1853
540	4950
541	1901
543	4023
544	886
544	907
544	1645
544	3280
545	758
545	1847
545	3382
545	4937
546	2452
546	3820
546	4810
546	4991
547	1051
547	2126
547	3184
547	3515
547	4233
548	922
548	1036
548	3062
548	4802
549	2508
549	4722
550	1989
550	2142
551	1113
551	2272
551	3564
551	3706
551	4561
552	2691
553	773
553	856
554	1207
554	3071
554	3322
554	3886
555	1770
555	2451
555	3343
555	3522
556	651
556	907
556	1437
557	2811
557	3023
557	3126
557	3804
557	4795
558	1972
558	4021
559	2657
559	2882
560	2005
560	2686
561	1325
561	1763
561	2779
561	4000
561	4933
562	775
562	975
562	2276
563	849
563	3828
563	4172
565	902
565	2321
565	3044
565	4421
566	2479
567	1115
567	1362
568	1019
568	1467
568	3093
568	3444
569	667
569	1888
569	2280
570	911
570	3717
570	4591
571	1001
571	3520
572	1360
572	1395
572	4520
574	2627
574	2669
574	3079
575	649
575	2374
575	2733
576	745
576	2206
576	3552
577	917
577	2048
577	2552
577	4636
578	2579
579	1201
580	1040
580	4434
581	1995
581	2520
581	4414
582	4132
583	2439
583	3057
583	4751
584	1563
585	1290
585	3333
585	3462
586	3077
586	4328
587	1566
587	2018
587	2762
587	3533
587	4592
588	1026
588	3237
588	4699
589	1841
589	2406
589	3163
590	4187
590	4194
590	4967
591	758
591	809
592	1634
592	4070
593	2795
594	4839
595	650
595	729
595	1888
596	1945
596	2586
596	3103
596	4109
596	4764
597	2284
597	3393
597	4140
598	4205
598	4454
599	3278
599	3894
600	2075
600	2623
600	4216
600	4726
601	846
601	915
601	1128
602	4658
603	1336
603	1352
603	2265
604	1083
604	3164
604	4291
605	1822
605	1906
605	4479
605	4875
605	4912
606	1006
606	1362
606	1600
606	2687
606	3972
606	4395
606	4837
606	4991
607	1577
607	1613
607	1662
607	2915
607	3592
607	3973
608	2770
608	3282
608	3459
608	3748
608	4106
609	789
609	957
609	1339
609	2448
610	1904
610	3352
610	4507
611	1744
611	3806
611	3979
611	4135
612	3711
612	4491
613	3919
613	4880
614	839
614	2505
614	3725
616	1340
616	1879
616	2492
616	2951
616	3015
616	3739
617	1309
617	1331
617	3381
618	1390
618	2518
619	3115
619	4091
619	4779
620	1598
620	2338
621	1114
621	2639
621	3628
622	1929
622	3117
623	1163
624	1962
624	2665
624	2964
624	4464
625	2324
625	4748
626	4604
627	894
627	1177
627	1180
627	2170
627	2296
627	3938
628	731
628	2537
629	1201
629	2374
629	4246
629	4298
630	1319
630	1874
630	2162
633	4690
634	3533
635	4477
636	1484
636	1820
636	2154
636	3225
637	820
637	1731
637	2026
637	3044
637	3185
637	3808
637	4337
638	1396
638	2218
638	2407
638	2580
638	2985
638	3712
638	4167
639	3290
639	3972
639	4976
640	3534
641	1388
641	1980
641	2233
641	2368
641	3798
642	4897
643	2030
644	1901
644	2082
644	3412
645	2844
645	4715
646	1121
646	1126
646	1200
646	1467
646	2578
647	2282
647	4908
648	1334
648	2159
649	843
649	1603
649	1694
649	2569
649	3623
649	4299
650	1460
650	2042
650	2172
650	2656
650	4157
651	687
651	2494
652	1120
652	1330
652	1861
652	2028
652	2536
653	2417
653	2712
653	3813
653	4603
654	655
654	936
654	1197
655	1664
655	3807
655	3903
656	2105
656	4971
657	1115
657	4619
658	2378
658	2706
658	4926
659	1482
659	1715
659	2101
659	4814
660	2939
660	3909
661	2056
661	2169
661	2214
661	2695
661	4439
661	4716
661	4748
662	922
663	3146
663	3698
663	4555
664	3567
664	4741
665	801
665	4251
666	1233
666	2214
666	2224
666	2580
666	3174
668	1822
669	1286
669	1815
669	2227
669	3337
670	1295
672	768
672	1710
672	2827
672	3175
672	3853
672	4212
672	4704
673	1496
673	3917
673	4762
673	4899
674	821
674	1830
675	1963
675	2992
676	1845
676	3201
677	799
677	3588
678	1479
678	2240
678	4874
679	865
679	979
679	1240
679	3176
680	1501
680	1790
680	1896
680	3583
680	4164
681	936
681	1135
681	1762
681	1921
681	2807
681	4417
682	2322
682	4347
683	1041
683	1514
683	1984
683	4474
683	4735
684	1174
684	3077
685	4511
685	4797
686	806
686	2349
686	3176
686	3960
687	2460
687	3139
687	3819
688	1927
689	2437
689	4738
690	1811
690	3059
690	3629
691	1943
691	3983
691	4048
691	4947
692	1031
692	1473
692	2060
693	2301
693	4911
694	2920
694	3301
694	3876
694	4536
695	1082
695	3746
695	4007
696	2157
696	3341
696	3559
697	1291
697	1713
697	3642
698	1585
698	2227
698	4096
699	1052
699	1488
699	3305
699	3985
699	4363
699	4875
700	913
700	2444
700	2863
701	1049
701	2155
701	3293
701	3361
702	2766
702	3231
703	2607
703	3131
703	3264
703	4368
704	1444
704	2741
704	3419
704	3700
705	3347
706	3108
706	4278
707	1562
707	2712
708	1073
708	1754
708	2777
708	2919
708	4615
709	3912
709	4205
710	1248
710	2234
710	3872
710	4577
711	1299
711	1550
711	1751
711	4597
712	1206
712	3926
713	2386
714	1981
715	1090
715	2909
715	3949
716	4282
717	1860
717	2100
718	1544
718	3292
718	4180
719	2639
719	2996
720	1957
721	4636
722	2876
723	2108
723	2407
723	3389
723	4376
723	4822
724	1893
724	2738
724	3574
724	3599
725	1547
725	3262
726	2748
728	835
728	2859
728	3913
728	4018
728	4235
729	2082
729	2600
729	2913
729	3998
730	1784
730	2048
730	2969
731	879
731	1007
731	2677
731	2836
731	3806
731	4079
731	4941
732	2004
732	3586
732	3633
733	879
733	2887
733	3239
733	3504
734	872
734	2042
734	4362
734	4467
735	812
735	1390
735	3781
735	4173
735	4359
736	3361
737	2951
738	2126
738	4168
739	1579
739	1733
739	2191
739	4263
739	4443
739	4659
740	894
740	2219
740	2552
740	2611
740	3349
740	3727
740	4450
740	4507
741	2662
741	3071
741	4867
741	4922
742	3878
744	4308
745	4149
746	1094
746	2721
746	3550
747	3000
748	789
748	1773
748	3249
748	3551
748	4663
749	1295
749	2995
750	3635
750	4833
751	3807
751	3965
751	4770
752	806
752	3464
752	4021
753	2711
754	1007
755	4452
756	2755
757	937
757	1949
757	2408
757	3646
757	4919
758	1465
758	4463
759	2729
760	1237
760	1649
760	4792
761	1113
761	2143
761	2207
761	4023
762	2395
763	1502
763	1618
763	4365
764	2101
764	2555
764	3255
764	3542
764	4488
765	910
766	1591
766	2235
766	2643
766	2942
767	2720
769	2136
770	3939
770	3965
770	4006
770	4176
771	1384
771	3457
771	4261
772	2758
772	4090
772	4308
772	4818
772	4870
773	1877
773	3692
773	4736
774	3287
774	3399
775	2753
775	4468
775	4783
776	2207
776	2401
777	1234
777	4708
778	799
778	1716
778	2214
778	2267
778	2958
778	3167
778	3213
778	4369
779	1676
779	3054
779	4193
780	1861
780	4034
780	4037
781	1079
781	1598
781	2405
782	3395
782	4891
783	2281
783	3509
783	3588
784	1133
784	2760
784	2887
784	4668
784	4837
785	1820
785	4723
785	4813
786	2472
786	3907
786	4622
786	4777
787	1988
787	2237
787	3650
787	3658
788	3982
789	2109
790	3046
790	4058
791	4569
792	855
792	1435
792	2039
792	4721
793	2062
793	2523
794	4095
795	1771
796	3509
797	1153
797	1346
798	1824
798	2111
798	2561
798	2751
798	3057
798	3151
798	3778
798	4418
799	4181
799	4270
799	4551
800	3570
800	3743
801	2534
801	4868
802	1581
802	2115
803	963
803	2223
803	4101
803	4813
804	1817
804	2934
805	4872
806	1102
806	1504
807	2322
807	3195
807	3197
807	3530
807	3916
808	2819
808	3046
808	3628
809	934
809	3353
809	3427
809	3478
809	3902
809	3977
810	1448
811	1716
811	2830
811	3020
812	845
812	2076
812	2289
812	3950
813	1306
814	2136
814	4591
815	2059
815	2573
815	4563
815	4873
816	2402
816	3811
818	2641
818	3773
818	4209
818	4579
819	1146
819	1991
819	4554
820	1185
820	4358
821	3451
821	3839
821	3947
821	4398
821	4481
821	4782
822	1222
822	4492
823	4032
824	4037
824	4541
825	968
825	1127
826	3614
827	1886
827	2337
827	3295
827	4497
829	1362
829	1849
829	4897
830	2160
830	3658
830	4480
831	1223
831	3359
831	4048
831	4871
831	4920
832	1703
832	2562
832	3066
832	3607
832	3850
832	4554
832	4758
832	4862
833	1078
833	1148
833	2678
833	3484
833	4053
834	903
834	1910
834	2133
834	3539
835	3816
835	3891
835	4469
836	2568
837	2635
837	4034
838	2704
838	4810
838	4975
839	1101
839	4482
840	1847
840	2308
840	2383
840	2574
840	2790
840	4836
841	2922
841	3647
842	1457
842	2850
843	1082
843	1618
843	4228
843	4844
844	1441
844	1565
844	1638
844	3087
844	4174
846	3883
846	3966
846	4964
847	854
847	1001
847	1899
847	2567
847	2752
848	3819
848	4494
849	3730
849	4070
850	910
850	1434
850	2004
851	886
851	1765
851	2651
851	2885
851	4925
852	1112
853	1133
853	1527
853	1623
853	1977
853	2330
853	3721
853	4152
854	1266
854	1560
854	1823
854	2592
855	4896
856	2275
856	2977
856	3714
856	4635
856	4690
857	2392
857	2461
857	2650
857	3122
858	1581
858	2092
859	1354
859	2737
859	3017
859	4698
860	3608
860	3782
861	2022
861	3125
861	4441
861	4704
862	913
862	3117
862	3298
862	4838
863	1608
863	3657
863	3792
863	4629
864	1273
864	2364
864	3392
864	3757
864	4969
865	1464
865	4243
865	4401
865	4679
866	2806
866	3564
867	1877
867	4282
868	3163
868	3971
868	4256
869	1467
869	4629
870	2617
870	3371
870	4595
871	2835
871	2866
871	3610
872	2082
872	3076
872	4565
873	1499
873	4031
874	1390
874	1477
874	2687
874	2811
874	2961
874	3704
875	2557
875	2832
876	1166
876	3343
877	2449
877	4863
878	1604
878	2431
878	3992
879	2639
879	3485
879	3643
879	3877
879	4361
879	4692
880	1408
881	3349
881	4266
881	4463
882	902
882	1206
882	2937
883	1062
883	2073
883	2717
884	3040
885	1387
886	1762
886	3919
886	4595
887	1712
887	2576
887	2691
887	3296
888	944
888	2344
888	4654
888	4850
889	917
889	2209
889	2478
889	3007
889	3109
890	994
890	1890
890	2105
890	3651
890	3898
890	4242
891	3699
891	4007
892	2862
893	2057
894	1032
894	1894
894	2283
894	4251
896	1151
896	2135
896	2293
896	2421
896	4074
896	4318
897	1328
899	1333
899	1363
899	4009
899	4303
900	4170
900	4869
901	916
901	4409
901	4563
902	1632
902	2493
902	3912
905	996
905	1408
905	1866
905	1968
905	3468
906	4163
906	4475
906	4482
907	1641
907	2868
907	3803
908	3969
909	2076
909	2117
909	3594
910	1721
910	1898
910	2908
911	1792
911	2980
911	3179
912	2814
912	3706
913	3192
913	3261
913	3441
913	3901
913	4950
914	1323
914	1834
914	3224
914	3721
914	3857
914	4642
915	2916
918	1211
918	1620
918	2687
918	3386
918	3922
919	1124
920	1836
920	2058
920	2065
920	2637
920	2791
920	3940
920	4436
920	4804
921	1071
921	2955
921	4708
922	3287
923	4613
924	2791
925	3137
925	3238
925	3286
926	1167
926	1845
926	2126
926	3946
926	4074
927	1075
928	1824
928	2794
929	1342
929	1754
929	2610
930	1218
930	2024
930	2648
930	3281
930	4555
931	1874
931	2473
932	1521
932	2756
932	4285
932	4757
933	4468
934	4384
934	4678
935	1086
935	2953
936	1013
936	2251
936	2947
936	3932
936	4149
938	3245
938	4323
938	4811
939	2580
939	3213
940	4477
942	2177
943	1400
943	2272
943	4519
944	1671
944	4032
944	4859
945	1160
945	1324
945	3603
945	4747
946	2393
946	2581
946	3141
947	2170
947	4084
948	2684
948	2767
948	4592
948	4729
949	4966
950	1034
950	3148
950	4198
951	2485
951	4995
952	3800
953	3811
953	4452
954	995
954	1958
954	3099
954	4172
955	974
955	1444
955	1750
956	1074
956	2697
957	1343
957	3130
957	3640
957	3722
958	1328
958	1635
958	3279
958	3875
958	3990
959	3530
959	4336
959	4402
960	3948
960	4899
961	2608
962	1585
962	4623
963	1022
963	2627
964	1978
964	2841
964	3576
964	4291
964	4992
965	2906
965	4762
966	2902
966	2980
966	3462
966	4803
967	2324
967	3337
967	3397
968	970
968	2265
968	2906
968	3266
968	3350
968	3706
968	4917
970	1073
970	1180
970	3475
970	3487
971	1227
971	2068
971	2330
971	3723
971	4280
971	4969
972	2131
972	2507
972	3213
972	4580
973	3151
974	1623
975	2261
975	4297
976	1236
976	3139
977	1965
977	4163
978	4773
978	4786
979	2328
980	4215
981	2417
981	2828
981	3842
981	4081
982	4829
982	4875
983	1928
983	3739
983	4350
984	1769
984	3039
985	2419
985	4401
986	1572
986	2468
986	2659
986	4113
987	1862
987	3150
988	1511
988	3029
988	3073
988	3108
989	4442
990	1645
990	2833
990	3147
990	3441
991	2505
991	3257
992	2066
992	3774
992	4658
995	1113
995	3504
995	4084
996	1312
996	1546
996	1912
997	1370
997	2898
997	4287
997	4303
997	4348
998	1944
998	2167
998	3859
999	2173
999	3315
1000	4805
1001	1070
1001	1780
1001	2195
1001	2282
1001	4104
1002	2767
1002	4027
1004	1801
1004	2782
1004	3597
1004	4624
1004	4648
1005	3017
1005	4191
1005	4605
1005	4703
1006	1764
1006	1931
1006	2919
1006	3243
1006	3649
1006	4083
1006	4643
1007	1491
1007	2233
1008	2561
1009	1311
1009	2008
1010	2354
1010	4017
1010	4294
1011	1751
1011	3630
1011	4134
1012	1414
1012	1668
1012	3388
1013	4907
1014	3024
1014	3692
1015	2342
1015	2776
1015	3317
1016	2369
1016	3285
1017	2099
1017	2717
1017	2808
1017	2981
1017	3684
1019	1409
1019	2973
1019	4323
1020	1095
1020	1142
1020	1262
1020	2344
1020	2656
1021	1423
1021	1540
1021	2968
1022	2487
1023	2065
1023	2388
1023	3772
1023	4903
1024	1767
1024	4241
1025	4714
1026	4439
1027	1318
1027	2741
1027	2874
1027	3272
1027	3838
1027	4252
1028	1505
1028	3126
1028	4181
1029	1314
1029	3703
1029	3993
1030	2595
1030	2784
1030	4282
1031	1141
1031	2481
1031	2838
1031	2962
1031	4461
1032	4239
1032	4842
1033	2157
1033	2203
1033	2758
1033	2791
1033	3249
1034	2141
1035	2260
1035	2843
1035	3841
1035	4064
1036	3071
1037	3168
1037	3686
1037	4959
1038	2191
1038	2233
1038	4258
1039	1398
1040	2166
1041	1221
1041	3203
1041	3714
1042	4078
1044	2424
1044	3251
1044	3592
1044	3891
1045	2341
1045	2401
1045	3751
1045	4847
1046	1823
1046	3352
1047	2237
1047	2586
1048	3386
1048	3662
1049	2098
1049	3030
1049	4126
1050	1968
1050	2516
1050	3715
1052	2112
1054	4430
1056	3044
1056	4444
1057	2151
1057	2882
1057	4519
1058	4260
1059	1204
1059	2401
1059	3430
1060	1169
1060	2365
1060	2724
1060	4161
1061	2025
1061	2985
1062	1818
1063	1150
1063	2327
1063	3617
1065	2936
1066	3707
1066	4741
1066	4816
1067	2839
1068	2255
1069	3496
1071	4388
1072	1661
1072	1953
1072	3157
1072	3675
1073	2115
1073	2719
1073	2743
1073	3093
1073	3120
1074	3644
1074	4895
1076	2605
1077	1471
1077	1922
1077	2604
1077	3443
1078	3107
1078	4267
1078	4893
1079	1211
1079	2430
1079	2610
1079	3523
1079	3798
1080	3919
1081	2436
1082	1985
1083	1711
1083	2111
1083	2874
1083	2998
1083	3081
1083	4766
1084	2204
1084	3092
1084	3378
1085	1237
1085	3705
1086	1648
1086	3263
1086	3349
1086	4543
1087	1150
1087	2540
1087	2933
1087	3548
1087	3808
1088	2356
1088	3626
1089	1680
1089	4178
1089	4898
1091	2349
1091	3025
1092	3183
1092	4338
1093	1497
1093	2671
1094	1529
1094	2291
1094	4616
1095	2160
1095	4639
1096	3584
1097	4143
1097	4853
1098	2927
1098	4012
1098	4740
1099	1145
1099	2309
1099	3967
1099	4202
1100	3294
1100	4228
1101	4180
1101	4236
1101	4752
1101	4834
1102	2170
1102	4864
1103	4727
1104	3247
1105	1170
1105	2283
1105	2332
1105	3301
1105	4418
1105	4516
1106	1900
1106	3347
1107	1756
1107	1997
1107	4427
1108	2120
1108	4854
1108	4858
1109	3857
1109	4684
1110	1895
1110	4677
1111	1463
1111	4847
1112	2465
1112	3909
1113	4161
1113	4415
1114	1404
1114	1525
1114	2245
1114	4112
1115	2135
1115	3497
1115	3539
1115	3760
1116	2137
1116	2355
1116	2550
1116	3457
1116	4311
1117	1561
1117	3830
1117	4710
1117	4932
1118	2052
1118	4395
1120	2603
1121	1425
1121	2814
1121	3189
1121	4896
1122	1220
1122	1507
1122	1758
1122	1851
1122	2658
1123	1241
1123	1273
1123	4256
1124	2016
1124	2249
1124	2796
1124	3140
1124	4513
1125	2182
1126	1934
1126	1979
1126	4457
1126	4801
1127	2405
1127	3681
1127	3976
1127	4489
1128	1664
1128	2146
1128	4923
1129	2503
1129	3805
1129	4332
1130	2163
1131	2856
1131	3555
1132	3611
1133	1675
1133	2649
1134	3654
1135	2405
1135	2646
1135	2710
1135	2872
1135	2890
1135	4237
1136	2287
1136	3266
1136	3273
1137	2591
1137	4850
1138	3009
1139	3329
1140	2624
1141	1742
1141	3042
1141	3410
1141	3519
1141	4892
1142	2454
1142	2524
1142	2560
1142	2690
1142	4143
1142	4874
1143	1829
1143	3241
1143	3415
1143	4920
1144	2542
1144	2721
1144	3648
1145	2903
1145	4083
1147	1395
1147	2137
1147	2265
1147	3808
1148	1682
1148	3590
1148	4332
1149	1242
1149	1874
1149	2065
1149	2426
1149	4503
1150	3256
1151	1242
1151	1858
1151	1864
1151	2432
1151	2577
1154	2485
1154	2855
1154	4766
1155	1550
1155	3068
1155	4523
1156	2549
1157	2095
1157	2499
1157	3210
1157	3585
1158	3990
1159	4223
1162	2086
1162	3454
1163	1166
1164	4839
1165	1867
1166	3425
1166	4083
1166	4123
1166	4183
1168	3143
1169	1851
1169	3880
1170	1205
1170	1258
1170	4363
1170	4367
1170	4549
1171	1181
1171	2086
1171	3720
1172	4369
1172	4862
1174	1918
1174	2590
1174	3554
1175	2516
1175	3619
1176	2880
1176	4633
1177	3352
1178	1615
1178	2204
1178	2516
1178	2775
1178	3018
1178	3913
1178	4947
1179	2021
1179	3274
1179	3813
1179	4650
1179	4728
1180	1809
1180	1919
1180	2174
1181	4507
1182	2912
1182	3787
1183	2461
1183	3140
1183	3517
1184	4409
1185	1683
1185	1776
1185	1928
1185	1949
1185	3307
1185	3530
1185	4216
1185	4539
1186	1211
1186	2098
1186	3324
1186	3993
1186	4776
1187	1819
1188	2596
1188	3965
1189	2065
1189	2591
1189	3207
1189	3396
1189	3608
1190	2790
1190	3193
1191	2367
1191	3908
1191	4312
1191	4380
1191	4746
1192	4194
1193	1540
1193	2403
1193	2478
1193	4246
1194	3515
1194	3710
1194	3873
1196	2453
1197	3121
1197	3554
1197	4497
1197	4897
1198	2127
1198	4367
1199	1854
1199	3192
1199	4800
1200	2025
1201	4072
1202	1335
1202	1394
1202	3157
1202	4042
1202	4090
1203	1290
1203	4308
1203	4344
1203	4608
1203	4995
1204	3710
1205	1960
1205	3603
1205	4133
1206	3072
1207	4808
1208	2061
1208	2590
1208	2921
1209	2114
1210	1791
1210	2177
1210	2416
1210	4380
1210	4645
1211	2484
1211	4646
1212	2048
1213	2539
1213	2989
1213	4194
1214	1625
1214	1978
1214	3211
1214	3831
1215	1293
1215	2055
1215	2697
1216	1461
1217	2941
1217	4425
1218	1458
1218	3486
1218	3707
1219	1912
1219	2310
1220	1807
1220	3077
1222	3823
1222	4069
1222	4205
1223	3014
1224	1263
1227	1826
1227	4126
1228	2334
1229	2033
1229	3846
1230	2400
1230	2513
1230	3524
1230	4419
1230	4996
1231	4159
1232	4574
1233	3034
1234	2807
1236	2115
1236	3963
1237	1428
1237	1446
1237	3916
1237	4451
1238	1437
1238	2130
1238	4241
1239	1799
1239	2203
1239	3637
1240	2188
1241	1557
1241	2632
1241	3275
1242	1320
1243	1513
1243	3483
1243	3639
1244	3400
1244	3998
1245	2165
1245	4577
1245	4742
1245	4786
1245	4902
1247	2068
1249	4394
1251	3492
1252	1350
1252	3590
1252	4355
1252	4521
1252	4817
1253	1823
1253	2111
1253	3581
1253	3765
1254	2206
1254	2971
1255	1474
1255	2440
1255	3854
1256	1538
1256	3122
1256	3595
1256	4636
1256	4849
1257	2119
1257	3824
1257	4259
1258	1751
1258	3495
1258	4652
1259	4483
1260	1970
1260	4289
1260	4726
1261	2472
1261	3615
1261	4948
1263	1597
1263	4545
1264	2679
1265	1387
1265	3990
1266	3226
1266	3295
1266	4526
1267	2007
1268	2128
1268	3304
1270	4001
1270	4200
1271	1370
1271	2635
1271	2982
1271	3354
1271	4534
1271	4764
1272	1964
1272	2725
1272	2741
1272	3214
1272	3667
1272	4009
1272	4192
1274	1555
1274	4935
1275	3004
1275	3361
1276	2627
1277	1516
1277	3891
1277	4816
1278	1426
1278	3802
1279	1892
1280	2014
1280	2531
1281	1383
1281	4789
1282	3146
1282	4621
1283	1748
1283	2973
1284	2079
1284	3875
1284	4849
1285	2131
1287	2361
1288	2441
1288	2847
1289	2958
1289	4202
1290	1498
1291	1646
1291	2217
1291	2762
1291	4328
1293	3632
1293	4667
1294	2408
1294	2883
1294	2898
1295	2684
1295	2793
1295	3254
1295	4137
1295	4271
1295	4791
1296	3224
1297	4125
1298	2612
1298	4043
1298	4915
1300	3656
1301	2929
1301	3466
1301	3727
1301	3886
1302	2878
1302	3574
1302	3762
1302	4047
1302	4072
1303	1397
1303	1865
1303	4077
1304	1795
1304	1834
1304	2046
1304	3515
1305	1502
1305	1889
1305	3911
1306	2525
1306	2546
1306	3241
1306	3992
1306	4418
1307	2471
1307	3644
1307	3876
1307	4642
1308	1764
1308	3162
1308	4355
1309	4718
1310	1515
1310	4236
1310	4360
1310	4655
1311	1353
1311	1909
1312	2086
1312	2376
1312	3684
1313	2489
1313	4736
1313	4780
1314	3310
1314	4372
1315	2548
1315	2714
1316	3216
1317	2292
1318	3191
1318	3413
1319	1333
1319	2255
1319	3222
1319	3335
1319	4165
1319	4295
1320	2185
1320	4917
1321	1322
1321	1859
1321	2213
1321	3586
1321	4561
1322	4749
1323	3459
1323	3718
1324	3950
1324	4309
1325	1639
1325	3476
1326	2779
1326	3932
1327	1385
1327	1581
1327	2123
1327	4776
1328	3021
1329	1542
1329	4408
1330	2178
1330	4083
1330	4454
1330	4717
1331	3628
1331	4843
1332	1866
1332	4449
1333	1883
1333	2614
1333	3156
1333	4568
1334	3774
1334	4051
1334	4764
1336	2501
1337	1864
1337	2277
1337	2708
1337	3835
1337	4508
1338	3459
1339	2492
1340	2205
1340	4437
1340	4448
1340	4936
1341	2138
1341	2394
1341	2453
1341	3647
1341	4807
1342	1529
1342	3599
1343	4811
1344	3459
1344	4184
1345	4239
1346	1821
1346	2818
1347	2845
1347	4654
1348	4458
1349	3161
1350	3220
1351	2697
1352	1623
1352	2938
1353	2868
1354	1850
1354	2542
1354	4627
1355	1812
1355	2250
1355	2460
1356	4563
1357	1425
1357	1856
1357	4240
1358	2050
1358	2468
1358	2827
1359	1589
1359	2339
1359	3492
1360	2617
1360	3124
1361	2276
1361	3824
1362	2012
1362	2772
1363	1783
1363	4627
1364	4887
1365	4797
1366	1428
1366	2118
1366	2824
1368	3632
1369	1614
1370	3090
1370	3828
1371	2715
1371	2863
1371	3561
1371	4924
1372	1765
1372	1777
1372	2105
1372	4099
1373	2019
1373	4162
1374	4893
1375	1678
1375	3719
1376	1386
1376	2106
1376	2167
1377	1465
1377	4009
1378	2055
1378	4837
1378	4885
1379	3340
1379	4119
1379	4333
1381	3669
1383	2336
1383	2766
1383	3586
1383	3685
1384	2894
1384	4302
1384	4639
1386	2887
1386	3152
1386	3272
1387	2297
1387	3012
1387	3263
1387	3325
1387	4706
1388	3951
1388	4617
1389	2358
1389	2707
1389	3414
1390	2854
1390	4281
1391	2842
1391	2879
1391	4205
1392	2474
1393	1399
1393	1845
1393	3618
1393	3765
1395	2077
1396	2404
1396	3316
1396	4612
1397	1655
1397	1865
1397	2724
1397	3148
1397	4162
1398	1546
1399	1668
1399	4590
1400	2937
1400	3345
1400	4131
1401	2936
1401	4930
1403	1694
1403	3139
1403	4318
1404	2241
1404	3633
1404	4847
1407	4096
1408	2322
1408	2326
1408	3091
1409	1699
1409	2616
1409	2836
1410	3835
1411	2102
1411	4462
1411	4594
1411	4935
1412	2256
1412	2606
1413	1848
1413	2237
1414	3250
1415	1902
1415	2280
1415	2435
1415	3883
1415	4384
1416	1550
1416	2951
1417	1676
1417	2621
1417	4015
1418	3253
1419	2355
1419	3228
1419	4311
1420	2250
1420	2905
1420	3733
1420	4897
1421	2694
1421	4181
1421	4868
1422	3215
1422	3365
1422	3981
1423	2082
1423	2456
1423	2952
1423	3124
1423	4608
1424	1660
1424	4379
1424	4511
1425	1558
1426	1875
1426	3140
1426	4835
1426	4872
1427	2108
1427	3157
1427	3988
1429	1448
1429	3568
1429	3995
1430	2220
1430	3343
1431	2722
1432	3201
1432	3430
1433	2637
1433	3272
1434	2694
1434	4053
1436	1903
1436	3330
1436	4363
1437	3311
1438	2551
1439	3835
1439	3846
1441	1833
1441	2254
1441	3789
1442	1791
1442	2695
1442	2998
1442	4260
1442	4910
1443	1611
1443	1631
1443	2394
1443	4177
1444	1710
1444	2278
1444	3255
1444	3450
1444	4810
1445	4095
1445	4872
1446	4106
1446	4569
1447	2830
1447	3014
1447	4787
1447	4933
1448	1636
1448	4117
1448	4242
1449	2178
1449	4380
1449	4538
1452	1664
1452	3953
1452	4889
1452	4958
1453	1880
1453	2554
1453	2772
1455	2011
1455	2099
1455	3862
1456	1653
1456	2600
1456	3574
1456	4715
1457	1752
1457	1890
1457	4573
1458	3229
1459	1790
1459	1798
1459	2303
1459	2357
1459	3141
1459	4517
1459	4697
1460	1751
1460	4072
1460	4308
1461	2902
1462	3628
1462	4213
1463	4730
1464	3204
1464	4007
1465	3878
1466	1598
1466	4875
1467	2889
1468	1975
1468	1981
1468	4822
1469	4848
1470	2793
1470	4384
1471	2993
1471	4516
1472	3640
1472	4180
1472	4787
1473	3093
1473	4715
1474	3889
1474	4118
1478	3529
1478	3685
1479	4357
1480	1742
1480	3722
1480	4104
1480	4753
1481	1569
1481	1812
1481	1957
1482	2650
1482	3998
1482	4076
1482	4786
1483	4983
1484	4130
1484	4538
1484	4963
1485	1782
1485	4743
1485	4857
1486	2572
1486	3031
1487	2375
1488	1850
1488	3034
1489	4096
1490	2972
1490	4539
1491	2036
1491	3732
1492	2982
1492	3115
1492	3450
1492	3875
1492	3996
1493	4210
1493	4772
1495	2170
1495	2750
1495	2826
1495	3251
1495	3367
1495	3502
1496	2074
1496	3543
1496	4290
1496	4688
1497	2774
1497	3146
1497	3842
1497	4372
1498	1824
1498	2473
1498	2585
1498	3831
1500	2764
1500	4563
1501	3043
1501	4703
1501	4997
1503	2960
1503	4916
1504	2521
1505	3020
1505	3067
1506	1660
1506	1907
1506	3009
1507	1607
1509	2228
1509	2286
1509	2440
1509	2459
1509	2667
1510	1641
1510	1740
1510	2274
1510	2880
1510	3357
1511	2526
1511	3075
1511	4732
1512	3892
1512	4126
1512	4798
1513	2132
1513	3271
1513	4094
1513	4205
1513	4265
1513	4378
1514	2794
1515	3204
1515	4246
1517	3355
1518	2211
1519	4456
1520	3766
1520	4300
1520	4830
1521	2395
1521	3032
1521	3654
1521	4586
1521	4873
1522	1945
1522	3032
1522	4855
1523	1664
1523	1824
1523	4970
1524	1887
1524	2613
1524	3486
1525	3355
1526	2844
1527	3254
1528	1852
1528	2697
1528	2970
1528	3902
1529	2950
1530	2794
1530	3619
1530	3949
1530	4439
1531	2959
1532	2771
1532	3128
1532	4238
1533	4610
1534	1590
1535	2012
1535	4474
1536	4945
1537	2818
1539	2314
1539	3420
1539	4108
1540	1659
1540	1894
1540	2968
1540	3040
1540	3860
1541	2383
1541	3937
1541	4109
1541	4252
1541	4694
1542	2211
1542	2708
1542	2931
1542	4674
1543	2907
1543	3648
1544	2001
1544	2126
1544	4342
1544	4960
1545	2649
1545	3858
1547	4477
1547	4856
1548	3355
1548	3893
1549	1880
1549	2998
1549	4376
1549	4578
1550	1720
1550	3190
1550	4597
1550	4618
1551	4796
1552	1988
1552	3660
1553	2753
1553	3078
1553	3205
1553	3846
1554	2755
1554	3398
1555	3963
1556	2922
1556	4756
1557	2898
1557	4155
1558	2581
1559	3349
1559	4437
1561	1743
1562	2701
1562	2720
1562	4272
1563	3032
1563	3327
1564	3237
1564	3462
1564	3919
1565	4178
1565	4714
1565	4933
1566	2816
1566	2950
1567	4627
1568	1718
1568	1748
1568	3133
1568	3529
1568	4764
1569	1696
1569	4436
1570	1719
1570	1732
1570	4069
1571	2419
1573	4726
1574	2276
1574	3398
1575	1750
1575	2957
1575	4234
1576	4400
1577	1723
1577	1996
1578	2499
1580	2704
1582	4225
1583	1991
1583	2763
1583	2977
1583	2993
1583	3867
1583	4505
1583	4537
1584	1721
1584	2888
1585	1656
1585	2048
1585	2100
1585	3446
1586	1652
1586	2514
1586	2616
1586	4393
1587	4637
1588	2588
1588	3291
1589	1596
1589	2362
1589	3046
1589	3583
1590	2116
1590	3238
1590	4431
1591	2759
1591	2953
1592	2534
1592	4595
1595	1692
1595	2130
1595	2221
1596	4311
1597	2902
1597	3418
1597	4129
1598	3406
1599	1759
1599	3615
1601	1904
1602	3708
1603	2597
1603	2698
1603	3310
1604	2449
1605	2573
1605	2637
1605	4616
1607	2221
1607	2588
1607	4261
1608	4082
1608	4695
1609	2196
1611	2466
1611	2778
1611	4626
1612	2662
1612	3078
1612	3198
1612	3354
1612	4649
1613	2205
1614	2043
1614	4471
1614	4557
1615	2479
1617	3196
1617	4676
1618	2628
1619	3516
1619	3882
1619	4025
1620	3171
1620	3226
1620	4609
1621	4065
1621	4639
1622	2577
1622	2983
1622	3998
1623	2103
1623	3135
1623	3720
1624	3595
1624	3644
1624	4190
1624	4520
1625	4722
1626	2097
1626	2494
1626	3703
1627	3399
1627	4498
1628	2427
1628	2481
1629	3259
1630	2177
1630	4438
1631	2245
1631	4157
1631	4953
1632	2755
1633	4164
1633	4935
1634	4620
1635	4346
1636	2805
1636	3069
1636	3955
1637	1679
1637	3159
1638	2288
1638	2932
1639	2834
1639	3073
1639	4452
1639	4631
1640	1816
1640	2044
1640	3186
1642	2880
1642	4408
1644	1962
1644	2109
1644	2956
1644	3254
1644	3706
1644	4659
1645	3466
1645	3534
1645	4598
1646	4837
1647	1858
1647	2426
1647	3805
1648	2741
1648	2890
1648	4868
1649	2251
1650	1802
1650	2160
1650	2318
1650	2533
1650	2652
1652	2519
1652	3215
1652	4732
1652	4900
1653	1693
1653	3067
1653	4786
1654	2206
1655	3794
1657	2175
1657	2517
1657	4913
1658	1717
1658	1751
1658	4636
1658	4726
1659	1829
1659	3230
1659	3781
1660	1747
1660	1928
1660	4228
1660	4416
1662	2838
1662	2951
1662	3739
1663	3341
1663	4251
1663	4676
1664	2041
1664	3365
1664	3584
1664	4155
1664	4943
1665	2033
1665	2957
1665	3094
1666	3508
1667	2166
1667	2958
1668	2481
1668	3928
1669	2364
1669	2896
1669	2963
1669	3648
1669	4215
1670	1997
1670	3086
1672	2352
1672	3548
1672	3945
1673	3040
1673	3167
1673	4008
1674	3558
1675	2203
1675	3846
1676	3327
1676	3799
1677	2032
1677	2752
1678	3887
1678	4488
1679	3233
1679	4427
1680	2177
1680	3110
1680	4882
1681	2208
1681	2914
1682	2646
1682	4510
1685	1717
1685	2120
1685	2596
1686	2817
1686	3100
1686	3420
1686	3784
1686	4058
1687	2722
1687	4630
1688	1991
1688	3761
1688	3775
1688	4842
1689	1882
1689	2246
1689	3823
1689	4611
1689	4619
1691	3442
1691	4974
1692	4940
1693	4611
1694	3231
1694	3589
1694	4900
1695	1817
1695	2432
1695	4533
1696	4467
1697	2390
1698	4657
1699	2315
1699	4033
1699	4187
1702	3211
1703	2485
1703	2641
1703	3009
1704	3325
1704	4754
1704	4944
1706	3163
1706	3406
1706	4200
1706	4961
1707	2150
1707	3687
1707	4508
1708	2061
1708	3355
1709	2476
1709	2784
1709	3877
1710	1950
1711	2940
1712	4211
1713	3854
1713	4092
1714	3956
1714	4995
1715	2172
1715	3911
1716	4930
1717	2455
1717	3239
1718	3325
1718	4000
1718	4387
1719	2067
1719	3654
1719	4498
1720	4478
1721	4788
1722	2734
1723	4471
1724	2726
1724	4207
1724	4501
1724	4748
1724	4982
1725	4568
1726	2794
1726	3026
1726	4959
1727	3837
1727	4113
1728	2139
1729	4175
1729	4482
1730	2714
1730	2767
1731	4186
1732	1810
1732	2570
1733	4002
1733	4542
1734	3011
1734	3105
1735	2160
1736	3078
1736	4523
1737	2048
1737	2159
1738	2467
1738	3063
1739	4825
1739	4910
1740	4603
1741	4099
1741	4386
1742	3457
1742	4178
1742	4456
1742	4608
1744	2302
1744	4672
1744	4991
1745	1927
1745	2172
1745	2769
1745	4390
1746	2896
1747	2921
1747	3271
1747	4418
1748	3993
1749	2312
1749	3173
1749	3966
1750	1752
1750	2644
1750	3838
1750	4937
1751	2916
1751	4565
1751	4586
1751	4748
1752	2376
1752	2453
1752	4999
1753	1972
1753	4185
1753	4763
1754	2299
1754	4378
1755	2010
1755	2244
1755	4234
1756	3330
1756	3555
1756	4237
1756	4873
1757	3574
1757	4107
1758	2898
1758	3400
1758	3438
1758	4414
1759	1827
1760	3831
1761	4652
1761	4747
1762	1816
1762	3873
1763	2326
1763	2837
1763	3306
1764	2999
1764	4952
1765	2348
1765	4403
1766	2083
1766	4064
1767	2115
1768	2278
1768	3638
1769	2879
1769	3851
1769	4454
1770	3811
1771	3757
1772	2261
1772	3282
1772	4012
1772	4312
1773	2713
1774	3862
1774	4912
1775	2912
1776	2056
1777	3376
1777	3975
1778	3235
1779	2085
1779	4336
1780	2858
1780	3808
1781	2874
1781	3289
1783	2244
1784	2202
1784	3135
1784	4677
1785	2375
1785	3301
1785	4553
1785	4890
1786	1870
1786	3337
1786	4759
1786	4960
1787	1826
1787	2036
1787	2579
1787	3576
1787	3970
1787	4626
1787	4973
1788	2273
1788	2722
1788	3120
1789	3439
1789	4244
1789	4332
1789	4484
1790	3383
1790	3411
1790	3796
1790	4716
1791	4129
1791	4743
1792	2044
1793	3517
1793	4350
1794	2531
1794	4800
1795	3171
1795	3766
1795	4368
1795	4991
1796	2081
1797	2789
1798	4302
1800	2153
1800	3185
1800	3640
1800	4292
1801	2481
1801	4136
1802	3128
1802	4688
1802	4978
1803	3355
1803	3593
1803	4331
1803	4891
1804	2678
1804	3717
1805	3206
1805	4469
1806	2868
1807	3761
1807	4117
1807	4636
1807	4710
1808	2569
1808	4518
1808	4752
1809	3090
1809	3647
1809	4991
1810	2596
1810	3553
1810	3589
1811	2845
1811	3659
1811	4055
1812	3096
1812	3775
1812	4030
1813	4565
1814	1840
1815	4372
1816	2014
1816	3345
1816	4639
1816	4870
1817	1828
1817	3725
1817	4869
1818	3510
1818	4463
1820	1903
1820	2749
1820	4468
1821	2019
1821	3817
1821	3921
1822	1835
1822	3967
1823	2442
1823	3852
1825	1833
1825	3623
1825	4243
1825	4866
1826	3753
1826	4576
1829	2045
1829	2902
1830	2369
1830	2960
1830	2973
1830	3243
1830	4037
1830	4479
1831	1973
1831	2701
1831	4201
1832	2058
1832	2398
1832	3728
1833	1949
1833	3753
1834	4809
1835	2344
1835	2353
1835	2396
1835	2408
1835	4256
1836	2669
1837	2042
1838	2389
1838	4916
1839	3721
1840	3815
1840	4963
1840	4978
1841	2363
1842	2705
1842	2933
1842	4654
1842	4751
1844	3049
1844	3244
1844	4587
1845	3675
1845	3840
1845	4530
1846	3879
1848	2887
1849	2325
1849	2515
1849	4541
1851	2407
1852	2629
1852	2849
1852	4479
1853	4080
1853	4711
1853	4932
1854	2665
1854	2986
1854	4084
1855	2074
1855	2118
1856	4589
1857	3971
1858	4140
1858	4202
1858	4343
1859	2005
1860	3096
1860	3970
1861	2531
1861	3085
1861	3600
1861	4759
1864	2934
1864	3442
1864	4637
1867	2463
1867	2575
1867	4325
1867	4378
1867	4558
1867	4729
1868	4103
1869	2385
1870	2740
1870	2833
1870	2953
1870	4069
1871	2918
1871	4130
1871	4394
1871	4713
1872	2520
1872	2932
1872	3764
1872	4062
1872	4275
1873	2632
1873	4404
1874	3449
1874	4708
1875	2940
1875	3798
1876	4127
1876	4392
1876	4664
1876	4987
1877	2054
1877	2384
1877	2437
1877	3990
1877	4368
1877	4903
1878	2465
1878	2614
1879	2067
1879	4091
1879	4228
1881	2007
1881	3919
1881	4859
1883	2525
1883	2948
1883	3227
1883	4136
1883	4721
1884	3358
1886	3440
1886	3945
1886	4573
1887	3689
1887	3935
1887	4228
1888	3671
1888	4128
1889	2766
1889	3106
1889	3159
1892	3923
1892	4182
1893	2163
1893	2319
1893	3674
1894	3126
1895	3601
1896	2568
1896	3595
1896	4936
1897	4961
1898	2822
1898	4411
1900	2331
1900	2408
1901	2995
1901	4929
1902	2578
1903	2034
1903	2136
1903	2359
1903	4581
1904	2752
1906	2098
1906	2296
1906	3079
1906	3402
1907	1997
1907	3934
1909	2564
1909	3105
1909	3683
1909	4967
1910	2068
1910	3276
1911	2046
1911	2059
1911	3781
1911	4751
1912	2840
1912	3282
1912	3522
1912	3545
1914	3346
1914	4875
1915	3361
1916	4131
1917	4272
1917	4596
1919	2594
1919	2817
1919	4453
1920	1971
1920	3769
1921	3109
1922	2700
1922	3472
1922	3798
1922	4999
1924	3732
1924	4007
1924	4442
1924	4597
1925	3857
1926	2115
1926	4382
1927	3174
1928	3445
1928	3471
1929	2702
1929	2889
1929	4992
1930	3904
1930	4454
1931	3050
1931	3239
1932	3184
1932	3513
1933	4548
1934	2672
1934	2678
1934	3446
1934	4567
1935	2202
1935	4360
1936	4395
1937	3532
1937	3663
1938	2570
1940	2650
1941	2291
1942	2620
1942	2627
1943	2519
1943	4299
1944	1954
1944	4159
1945	3245
1945	3362
1945	3956
1946	3471
1946	3688
1947	4852
1948	2912
1948	3587
1948	3741
1949	4892
1950	2478
1950	3434
1950	4344
1953	2172
1953	4129
1953	4284
1954	2009
1954	3375
1954	4034
1955	2623
1956	2287
1956	2733
1957	2880
1958	3525
1958	4980
1959	2459
1959	2897
1959	3126
1959	3472
1959	3838
1959	4935
1960	3534
1960	4066
1961	2100
1961	2329
1961	4041
1962	3195
1963	2960
1964	2349
1964	4180
1965	2769
1965	2800
1965	4259
1965	4817
1966	2301
1967	3208
1968	2036
1968	3442
1968	4390
1968	4775
1969	2661
1969	3490
1970	2069
1970	4510
1971	3171
1971	3618
1972	2108
1972	2643
1972	3718
1972	4057
1972	4724
1973	3720
1974	2013
1975	3997
1976	3572
1976	4259
1977	4237
1977	4466
1978	1981
1978	3320
1978	4358
1979	4093
1979	4714
1979	4896
1980	3549
1981	3852
1981	4969
1982	3480
1983	3479
1983	4237
1984	3788
1985	3396
1985	4707
1985	4932
1986	2098
1986	2461
1986	2675
1986	3302
1986	3451
1986	3543
1986	3667
1987	2798
1987	3875
1987	4926
1988	4999
1989	3648
1990	3567
1991	3180
1991	3400
1991	4086
1993	2322
1993	4418
1994	3884
1994	4415
1994	4506
1995	2458
1995	2679
1996	2461
1996	3256
1996	3395
1996	4414
1997	3642
1998	2620
1998	3696
1999	3971
2000	2128
2000	2451
2001	3150
2001	3196
2002	2054
2002	4100
2002	4900
2003	2243
2003	4807
2006	2459
2006	2892
2006	3016
2006	4875
2007	3257
2008	2935
2008	4520
2009	2135
2009	3955
2009	4627
2010	2631
2010	3416
2010	4018
2011	2074
2011	3761
2011	4619
2012	2756
2012	3972
2013	2950
2013	3070
2014	3898
2014	4850
2015	2597
2017	2574
2017	4014
2017	4402
2017	4455
2018	2330
2018	2492
2018	4631
2019	3848
2020	3395
2020	3640
2020	3731
2021	3222
2022	2688
2022	3315
2023	3906
2023	4302
2024	2771
2024	3991
2024	4309
2025	3736
2026	2984
2027	2046
2027	2792
2027	3101
2028	3045
2028	3463
2029	2500
2029	3215
2029	4875
2030	2714
2030	3079
2030	3998
2031	2476
2032	2362
2033	4021
2034	2167
2034	2832
2034	3416
2035	3775
2035	3786
2035	3891
2035	4518
2036	2143
2037	3792
2039	3312
2039	4549
2040	3721
2040	3762
2041	4394
2042	2103
2042	2774
2043	3611
2044	4230
2045	2331
2045	3662
2045	3692
2046	3900
2047	2778
2047	4787
2047	4899
2048	2166
2048	2215
2048	3967
2048	4079
2048	4835
2049	3299
2050	3006
2050	3207
2050	3642
2051	2321
2052	2496
2052	4591
2053	4627
2053	4679
2054	3391
2054	3482
2055	2707
2055	3620
2055	3916
2056	3966
2056	4285
2056	4610
2056	4693
2057	3228
2057	3633
2057	4645
2059	2410
2060	2401
2060	2469
2060	3596
2060	4151
2061	2288
2061	2509
2061	3676
2062	3005
2062	4997
2063	3245
2063	3837
2065	3368
2065	3931
2066	2541
2066	2778
2066	3050
2068	3401
2068	3890
2068	3934
2069	3373
2069	4249
2069	4709
2070	3582
2070	4871
2072	2463
2072	3972
2072	4306
2073	2860
2073	3368
2074	2283
2076	3302
2079	3403
2079	4365
2080	3941
2081	4204
2081	4812
2082	2664
2082	3684
2082	3744
2082	4369
2083	2701
2083	4112
2084	2924
2085	2614
2085	4768
2087	2247
2087	2512
2087	4372
2090	2600
2092	3499
2093	4520
2093	4661
2094	2145
2094	4612
2095	3362
2095	4324
2096	4494
2097	2112
2097	3151
2097	4187
2099	2548
2099	3063
2099	4733
2099	4860
2100	2120
2100	2594
2101	2196
2101	2764
2101	3209
2101	3531
2101	4536
2102	3366
2103	3466
2104	3194
2104	4762
2104	4932
2105	3269
2106	3792
2106	3990
2106	4862
2107	4619
2107	4765
2108	3644
2108	4765
2109	2655
2109	3123
2109	3940
2110	2970
2110	4959
2111	2427
2111	2574
2111	2616
2112	4528
2113	2193
2113	3513
2113	4287
2114	2557
2114	2693
2118	3280
2118	3590
2119	2414
2119	2417
2119	3033
2120	4165
2121	3600
2121	4441
2122	3405
2123	2552
2124	4142
2125	4038
2125	4727
2126	4558
2127	2445
2128	4542
2129	3594
2130	2304
2130	2649
2130	4011
2130	4073
2130	4082
2131	2631
2131	2632
2131	3667
2132	4277
2132	4765
2132	4909
2132	4995
2133	3176
2133	3953
2133	4091
2134	4465
2135	3382
2135	3485
2135	4198
2137	2467
2137	3068
2138	2209
2138	4936
2139	2662
2139	2692
2139	2711
2139	3350
2140	3288
2140	3412
2140	3420
2141	3100
2141	3600
2142	3006
2143	2818
2144	3259
2145	2362
2145	4965
2146	3059
2146	3125
2146	3612
2146	4714
2146	4910
2147	4135
2147	4226
2147	4299
2148	3122
2148	3518
2148	4488
2149	2159
2149	2588
2149	3983
2150	2292
2150	3696
2150	4988
2151	2221
2151	2340
2151	4598
2153	2652
2154	3311
2154	4357
2155	2736
2156	2514
2157	4222
2157	4626
2157	4643
2158	2551
2158	4796
2159	2559
2159	3245
2159	4117
2161	2759
2161	4371
2162	2750
2162	2807
2162	4082
2162	4468
2163	2972
2164	3230
2165	4329
2167	3508
2167	4847
2171	4935
2172	2437
2172	2679
2172	4763
2174	2243
2174	3754
2175	3091
2175	4176
2176	2266
2176	3354
2177	2819
2177	4334
2177	4835
2178	2425
2179	2475
2179	3092
2179	3646
2179	3869
2180	4778
2182	3434
2182	4045
2182	4856
2183	4507
2184	3770
2184	3912
2185	2428
2185	3459
2185	3508
2185	4970
2186	4691
2187	4116
2187	4228
2188	2606
2188	3415
2189	3528
2189	4236
2189	4802
2190	3993
2190	4778
2193	2702
2195	2322
2195	3796
2195	4866
2196	2934
2196	4073
2197	4925
2198	3329
2198	4186
2199	2227
2199	2620
2200	2386
2200	2622
2200	3145
2200	3583
2200	4098
2200	4312
2201	3458
2203	4141
2206	3455
2206	4174
2207	3737
2207	4015
2207	4562
2207	4864
2211	2649
2211	4325
2212	4117
2212	4562
2214	3027
2214	3495
2214	3552
2214	4563
2215	3811
2216	4782
2217	2658
2217	3264
2217	3649
2217	4325
2217	4696
2218	2486
2218	3999
2219	3228
2220	2347
2220	2510
2220	2954
2220	3780
2221	2306
2222	2539
2222	2922
2222	3735
2222	4408
2223	2335
2223	2531
2223	4235
2223	4309
2224	3232
2224	4412
2224	4447
2226	3925
2226	4492
2227	2423
2227	2687
2228	3553
2228	3647
2228	3755
2229	2844
2229	3341
2229	3381
2229	3639
2229	4272
2230	2900
2230	3926
2230	4240
2231	3497
2232	2654
2233	3628
2233	4230
2235	2405
2236	2500
2236	4914
2237	4043
2237	4226
2237	4272
2237	4609
2238	2334
2239	2755
2239	3448
2239	3883
2240	2590
2241	3184
2242	4201
2243	4790
2244	3568
2245	2496
2245	4714
2245	4802
2246	2250
2246	4564
2247	2733
2247	3006
2248	2848
2249	2831
2250	2352
2250	2652
2250	3040
2250	4797
2251	2379
2251	3884
2252	2723
2252	3164
2254	2317
2254	2852
2255	4214
2256	4695
2257	2723
2257	3085
2257	3927
2258	2467
2258	3804
2258	4065
2258	4501
2259	3061
2260	4075
2262	4368
2264	3425
2264	3481
2264	4297
2265	3986
2266	3136
2266	4108
2267	4300
2269	4578
2271	2972
2271	3969
2271	4086
2272	2710
2272	3122
2272	3684
2273	2606
2274	2768
2275	3454
2277	2496
2277	3544
2277	4758
2279	3884
2279	4989
2280	4213
2281	3903
2282	2522
2284	2531
2284	4538
2285	2432
2285	4427
2286	3045
2288	2880
2288	4651
2288	4895
2289	2633
2290	3024
2290	3832
2291	2781
2292	2491
2292	2615
2292	4022
2293	4389
2293	4396
2294	3287
2294	4463
2295	2854
2295	2998
2295	3920
2296	2890
2296	3844
2297	2380
2297	3000
2297	3273
2297	4279
2298	3090
2298	3424
2299	3133
2299	3846
2299	3971
2299	4185
2300	3746
2302	3374
2303	2944
2303	4032
2304	4741
2305	2761
2305	3898
2306	3161
2307	2766
2307	4124
2309	3381
2310	3629
2310	3770
2310	4289
2311	2714
2314	2790
2314	3049
2314	3693
2314	4869
2315	3650
2316	3116
2316	4346
2317	2643
2317	3659
2318	2857
2318	3274
2320	2389
2320	2502
2320	4949
2322	4546
2323	2808
2324	2827
2324	3267
2324	4583
2326	2812
2329	2946
2329	3670
2329	4511
2330	2659
2330	3447
2330	4623
2331	3179
2332	4508
2332	4529
2332	4687
2332	4706
2333	4483
2334	3362
2334	4444
2335	2841
2337	3106
2337	3678
2338	3571
2339	2377
2339	2607
2339	3113
2340	4744
2340	4847
2341	2367
2341	3376
2341	4323
2343	3372
2344	2790
2344	3906
2344	4492
2345	3343
2346	3277
2348	2695
2349	4495
2350	4855
2351	4294
2352	3341
2353	3696
2354	3144
2354	4235
2354	4468
2354	4680
2355	3188
2355	3305
2355	3848
2355	4147
2356	4206
2357	4890
2359	3803
2359	4061
2359	4336
2360	2371
2360	3572
2360	4760
2361	3610
2361	3820
2361	4759
2362	3489
2362	3518
2362	4232
2362	4236
2363	3442
2364	3242
2365	4068
2366	4123
2367	3362
2368	2764
2368	4036
2368	4175
2369	3855
2370	4060
2370	4799
2371	3579
2371	4198
2371	4646
2372	3259
2372	3564
2372	4459
2373	3960
2375	2567
2375	2915
2375	3954
2375	4169
2375	4636
2376	3049
2377	3043
2377	3558
2378	3169
2378	3182
2382	2646
2383	2676
2383	3548
2384	2448
2386	2420
2386	2650
2388	3197
2388	4255
2388	4578
2389	3205
2389	3780
2389	4416
2390	3228
2390	4577
2391	3277
2392	2878
2392	2992
2393	3140
2393	3901
2393	4665
2394	3440
2395	3720
2396	3664
2396	4397
2396	4592
2397	3858
2398	2764
2399	4642
2402	4234
2403	3099
2403	3139
2404	3739
2404	4445
2405	2750
2406	4543
2406	4716
2406	4900
2407	3320
2407	3332
2407	4316
2407	4450
2408	4300
2408	4778
2408	4910
2409	2627
2409	4024
2409	4875
2411	3960
2412	2754
2412	3528
2412	4819
2413	3316
2413	3650
2413	4793
2414	3537
2414	3818
2414	4720
2415	3545
2416	2726
2417	4065
2417	4372
2419	4047
2420	2508
2420	3855
2420	4325
2420	4824
2422	3844
2423	3236
2423	4220
2424	2564
2424	2727
2424	3824
2425	3540
2427	4726
2428	3699
2428	3913
2429	3317
2429	4293
2429	4695
2430	2965
2430	3660
2431	2781
2432	2712
2432	2907
2432	3934
2432	4819
2433	3295
2434	2444
2434	3632
2434	4323
2435	3947
2436	3518
2436	4248
2437	2718
2437	3564
2439	3736
2439	3755
2439	4242
2439	4583
2441	4849
2442	3794
2442	4108
2443	2662
2443	2688
2443	2986
2443	3420
2444	3554
2444	3956
2444	4402
2445	4641
2446	3490
2447	2479
2447	3062
2447	3248
2447	3249
2448	4242
2449	2877
2449	3642
2449	4519
2449	4570
2450	3355
2450	4086
2450	4170
2451	4329
2452	2836
2452	3019
2452	4418
2453	4912
2454	3629
2454	3754
2455	3281
2456	2973
2456	3185
2457	2849
2457	4687
2458	2996
2458	3039
2458	3349
2458	3819
2459	2766
2460	3739
2461	3284
2462	2856
2463	3037
2463	3661
2464	3537
2464	4769
2465	3320
2466	4258
2466	4479
2468	3915
2468	4172
2468	4581
2469	3597
2469	4180
2469	4726
2472	4864
2473	3966
2473	4344
2474	2530
2475	3575
2476	2733
2476	4899
2476	4941
2477	2767
2478	2994
2478	3935
2479	3965
2479	4276
2480	3206
2480	3791
2481	2795
2481	3608
2481	4621
2482	3327
2483	3014
2483	4168
2484	3782
2485	3443
2485	3602
2486	3351
2486	4852
2487	3227
2487	4651
2487	4865
2491	2808
2491	3100
2491	4601
2493	2500
2493	3699
2493	4006
2494	3218
2494	4510
2494	4553
2495	2592
2495	3088
2495	4903
2496	4247
2496	4653
2497	2598
2497	3946
2497	4195
2497	4319
2497	4440
2498	3926
2501	4163
2502	2829
2502	4932
2503	2784
2503	3085
2503	3627
2503	4329
2503	4520
2504	4859
2508	3067
2508	3786
2509	2560
2510	3566
2513	3338
2513	4194
2514	3700
2515	3228
2516	4399
2517	3374
2517	4419
2517	4741
2518	4220
2518	4980
2519	2580
2521	4831
2522	3146
2522	3710
2525	3457
2525	3938
2525	4245
2526	2987
2526	3269
2527	4893
2528	2796
2528	2891
2528	3584
2528	3813
2529	4383
2530	3993
2532	3174
2533	3755
2535	3232
2535	3455
2535	3698
2538	3925
2538	4758
2540	4325
2541	2648
2545	4082
2546	3775
2547	2782
2547	4687
2548	3792
2549	2585
2549	3188
2549	3478
2549	3772
2550	3899
2551	3215
2552	3986
2552	4675
2553	4814
2553	4955
2555	3832
2555	4546
2556	2826
2556	3102
2556	3826
2557	4049
2557	4644
2558	3096
2558	4122
2559	2621
2561	3540
2561	4022
2562	3392
2562	4178
2562	4183
2564	3136
2564	4752
2564	4889
2565	4075
2565	4400
2567	3427
2567	3499
2568	3065
2568	3767
2572	3501
2572	3760
2572	4432
2572	4722
2574	3014
2574	3409
2575	2871
2575	3033
2575	3616
2575	4660
2575	4910
2576	2740
2577	2710
2579	3956
2580	4956
2581	2981
2582	3370
2582	4568
2582	4661
2583	2607
2583	2778
2583	2964
2585	3896
2585	4758
2586	3555
2586	4829
2587	4926
2590	3508
2590	4326
2590	4422
2591	4370
2592	2762
2592	4422
2595	4347
2596	3331
2596	3575
2597	3529
2598	3334
2598	3376
2598	4560
2599	4830
2600	3357
2601	3358
2601	4864
2602	3837
2603	2926
2603	3355
2603	3936
2603	4367
2604	2625
2604	4231
2605	4326
2606	3082
2607	4141
2607	4787
2608	3033
2609	3057
2610	2827
2611	2803
2611	2813
2612	4507
2613	3904
2613	4778
2613	4823
2614	3070
2615	3014
2615	4056
2617	2677
2617	4269
2618	3587
2618	4101
2618	4920
2619	2965
2621	3666
2621	3787
2623	4520
2624	4666
2626	2689
2627	4701
2629	3410
2629	4153
2630	2890
2630	4565
2631	2970
2631	3539
2634	2669
2637	3845
2637	4157
2637	4930
2638	4435
2638	4765
2638	4894
2639	3749
2639	3847
2639	3854
2644	3427
2645	4886
2646	3138
2646	4880
2647	3744
2647	4060
2648	3706
2648	3951
2649	3818
2649	4320
2649	4526
2651	2727
2651	3887
2651	4519
2651	4808
2652	3465
2652	4974
2653	4895
2654	4089
2654	4327
2654	4628
2654	4738
2654	4866
2655	3060
2655	4997
2656	4513
2658	4498
2660	3212
2660	4414
2661	3406
2661	3953
2662	4336
2663	4670
2664	3877
2664	4130
2665	3273
2665	3936
2665	4435
2666	4054
2667	4357
2667	4427
2667	4533
2667	4585
2667	4913
2668	3051
2669	3137
2670	4370
2672	3683
2672	3748
2673	4613
2674	2868
2674	3123
2674	4509
2676	2699
2676	4837
2676	4884
2676	4992
2677	4182
2677	4514
2677	4637
2677	4731
2678	2969
2678	3036
2679	3084
2680	3090
2680	3536
2680	3667
2680	4594
2681	2849
2681	2871
2681	3389
2681	3897
2682	3963
2682	4311
2683	4503
2684	3170
2684	3320
2684	3548
2684	4968
2685	2748
2685	4453
2687	2854
2687	4442
2690	3943
2690	4165
2691	2812
2691	4061
2691	4085
2693	3420
2693	3535
2693	3816
2693	4042
2694	2714
2695	3127
2695	4523
2697	3192
2700	3557
2701	4941
2702	3014
2702	3193
2704	3242
2704	3794
2704	3989
2705	3534
2706	2812
2706	3458
2707	4291
2707	4324
2709	3053
2709	4912
2710	3741
2713	3639
2713	4513
2715	4388
2716	3495
2716	4572
2717	4949
2718	3358
2718	4783
2720	3184
2720	3998
2720	4595
2720	4739
2721	3377
2721	3501
2721	4394
2721	4563
2722	2911
2723	2977
2723	3286
2724	3356
2725	3398
2725	3815
2725	3862
2725	4466
2726	3375
2726	3390
2727	3989
2727	4291
2730	3229
2730	3542
2730	3962
2730	4792
2731	3111
2731	4396
2732	2914
2732	4463
2733	3502
2733	4671
2734	2843
2734	3789
2734	4591
2735	3690
2735	3767
2736	3899
2736	4891
2738	3510
2738	4042
2738	4460
2739	2896
2739	3142
2741	3873
2741	4674
2743	3723
2743	4046
2744	3271
2745	3667
2745	4020
2747	3024
2747	3786
2747	4660
2748	3041
2750	3350
2750	4034
2751	3975
2751	4095
2751	4872
2751	4892
2752	4435
2752	4986
2753	3456
2754	4433
2755	3283
2755	3480
2756	4863
2757	3984
2759	4434
2761	3176
2761	4234
2762	2995
2762	4607
2763	2864
2763	3577
2763	4163
2763	4282
2764	4146
2764	4923
2765	3254
2765	3343
2767	3637
2768	3086
2769	4055
2770	4482
2770	4958
2771	3984
2772	4638
2774	3134
2774	4264
2775	2798
2775	2956
2775	4246
2776	2903
2776	3804
2776	4187
2776	4757
2777	3325
2777	3570
2777	3888
2780	4168
2780	4602
2781	4713
2781	4759
2783	2811
2783	4444
2784	3566
2785	3189
2785	4692
2786	3231
2787	4792
2787	4943
2788	3709
2790	4944
2790	4999
2791	4903
2792	3867
2793	4474
2794	3744
2794	4732
2796	3652
2796	3881
2796	4249
2798	4319
2799	3080
2799	3638
2799	4587
2800	3565
2800	4097
2801	3019
2803	3175
2804	3068
2806	3049
2806	3484
2806	3855
2806	4204
2807	2911
2807	3092
2809	3153
2810	3740
2811	3161
2812	4734
2813	3799
2814	3510
2814	4966
2814	4994
2816	3634
2816	4188
2817	4853
2818	3290
2818	3815
2820	4272
2821	3366
2824	3321
2824	3733
2825	2986
2825	3562
2825	4814
2826	4608
2826	4852
2827	4188
2828	3592
2828	4653
2829	3411
2829	4582
2830	2965
2830	3933
2830	4415
2830	4620
2832	3547
2833	3142
2835	3157
2835	4179
2837	2874
2839	4296
2840	4619
2841	2859
2841	3651
2842	2882
2842	3017
2842	4912
2843	2930
2843	4257
2844	3129
2844	3356
2844	3883
2844	3910
2845	3097
2845	4515
2847	3390
2849	2870
2849	4227
2850	2931
2851	3114
2851	4678
2854	4513
2854	4742
2855	3710
2856	2864
2856	4177
2857	4036
2858	3204
2858	3306
2859	3922
2860	3404
2860	4089
2860	4468
2861	3153
2861	3565
2862	3149
2862	4949
2863	3297
2863	4886
2864	2866
2864	3333
2864	3995
2864	4244
2864	4534
2866	4925
2867	2985
2867	4553
2867	4675
2868	4314
2869	4457
2871	3322
2871	3547
2871	4511
2874	3992
2875	3030
2875	4519
2876	4654
2878	4916
2879	3737
2879	4585
2880	3788
2880	4197
2881	4990
2886	3658
2886	3794
2887	3988
2888	3303
2888	4910
2890	3821
2890	4515
2891	3303
2892	3300
2892	3692
2892	4034
2892	4434
2893	2895
2893	4167
2894	3116
2894	4483
2895	3173
2897	3277
2900	3701
2900	4910
2901	3765
2901	4024
2901	4963
2904	3459
2905	4536
2906	4174
2907	3457
2907	3761
2907	4896
2908	3404
2908	3989
2910	3906
2910	4320
2910	4691
2911	3342
2912	4129
2913	3616
2913	3934
2913	4323
2914	3105
2914	3637
2914	4776
2916	4459
2917	2952
2918	4337
2918	4623
2919	3737
2919	4842
2919	4923
2920	3698
2921	2928
2921	3135
2921	3683
2923	4970
2924	3426
2926	4249
2928	3798
2929	3004
2929	3617
2929	4642
2929	4726
2931	3019
2932	4777
2932	4953
2933	3521
2935	2966
2935	4102
2935	4496
2935	4899
2936	4343
2936	4650
2937	3068
2937	3593
2937	4263
2937	4702
2938	4274
2938	4895
2939	3296
2940	3236
2940	4407
2941	4672
2941	4983
2943	4082
2947	3907
2947	4142
2948	3901
2950	4567
2953	3462
2955	3415
2957	4284
2958	3572
2958	3807
2959	4252
2959	4636
2960	3121
2960	3577
2963	4379
2963	4426
2964	3272
2965	3729
2965	3995
2966	3879
2966	3958
2966	4886
2967	4894
2968	3248
2968	4548
2970	4480
2972	3666
2973	4242
2974	4722
2975	3152
2976	4488
2978	3586
2978	4640
2979	4684
2979	4864
2980	3146
2981	3812
2982	4842
2983	4999
2984	3848
2984	4099
2985	4093
2985	4831
2988	3041
2988	3350
2989	4098
2989	4701
2990	3308
2992	3450
2993	3128
2994	4975
2995	3723
2995	4162
2996	3423
2996	3949
2997	3463
2997	3478
2997	4051
2999	3505
3000	3552
3000	3678
3000	4955
3001	4556
3001	4914
3003	4151
3004	3876
3005	3023
3005	3247
3005	4035
3005	4108
3005	4470
3006	3073
3006	4193
3007	3488
3008	3841
3008	4149
3012	3601
3012	4478
3013	3095
3013	3754
3013	4800
3014	3093
3015	3949
3015	4742
3016	3112
3018	3858
3020	4980
3021	3032
3021	3199
3021	4165
3021	4246
3021	4349
3021	4737
3022	4573
3022	4630
3023	3289
3023	3983
3024	4675
3025	3257
3025	4078
3026	3770
3026	4535
3027	3114
3027	3814
3027	3930
3027	4196
3028	3855
3028	4313
3028	4654
3029	3811
3030	3346
3031	3124
3031	3358
3032	3626
3036	3373
3037	4434
3038	3716
3039	3049
3042	3483
3042	4517
3043	4560
3043	4714
3044	3756
3046	3646
3048	4099
3049	3074
3049	3759
3049	4529
3050	3972
3050	4899
3051	3705
3051	4008
3052	3940
3052	4242
3054	4418
3054	4600
3055	3194
3055	4077
3055	4891
3056	4250
3056	4339
3056	4800
3058	4931
3060	4911
3061	3153
3061	4356
3061	4736
3064	3298
3064	3420
3064	3581
3065	3705
3067	3361
3067	3523
3067	4958
3069	3660
3071	4133
3071	4910
3073	3564
3074	3761
3075	4088
3077	3366
3077	4419
3077	4904
3081	3170
3081	3377
3081	4655
3081	4852
3082	3926
3083	4935
3084	3733
3086	4115
3087	3776
3087	3975
3088	3097
3088	3257
3090	3538
3090	3829
3091	4194
3093	3327
3093	3565
3093	3645
3093	4198
3094	4288
3095	3577
3097	3313
3097	4067
3098	3403
3098	4839
3099	3957
3099	4629
3099	4682
3100	4103
3101	3414
3101	4787
3103	3156
3105	3467
3105	4269
3106	3304
3106	4484
3108	4612
3110	3118
3111	4965
3113	3228
3114	4178
3115	3461
3115	4506
3116	4203
3116	4875
3117	4669
3117	4957
3118	4205
3118	4456
3119	3480
3120	4570
3121	3961
3122	3279
3122	3432
3122	3547
3124	4434
3124	4586
3125	4456
3126	3127
3126	3358
3127	4519
3128	3680
3128	4682
3129	3507
3129	4445
3130	3463
3130	3683
3130	4182
3131	4277
3132	4180
3132	4228
3134	4785
3134	4982
3135	3931
3135	4060
3135	4578
3136	4452
3137	3407
3137	4431
3138	4469
3139	4180
3141	3776
3141	4234
3142	3564
3142	4509
3145	3857
3145	4298
3146	3450
3146	3998
3146	4889
3147	3174
3149	4403
3150	4237
3150	4411
3150	4573
3151	3438
3152	4101
3154	3780
3154	4458
3155	4748
3156	4330
3157	4910
3161	4980
3163	3788
3166	4867
3168	3805
3171	4363
3171	4868
3171	4889
3172	3177
3172	4883
3173	4048
3175	4390
3177	3439
3179	3831
3181	4432
3182	3480
3182	3818
3183	3880
3186	3539
3186	3926
3186	4205
3187	4532
3187	4901
3188	3582
3188	4572
3190	3448
3190	3770
3190	3802
3190	4558
3190	4644
3191	4534
3193	3501
3193	4317
3194	3603
3194	4358
3195	4948
3196	3825
3197	4375
3199	4957
3201	4286
3201	4949
3202	4993
3203	3457
3203	4331
3203	4957
3204	3854
3204	4401
3205	3863
3208	4114
3208	4410
3210	4689
3211	4697
3212	3344
3214	4178
3214	4979
3215	4553
3216	3366
3219	4547
3221	3352
3221	3856
3222	4626
3223	3544
3223	4269
3223	4917
3224	4978
3226	4744
3227	3280
3227	3957
3227	4275
3227	4948
3228	3826
3228	3903
3228	4781
3230	3910
3230	4148
3230	4527
3231	3772
3231	3982
3232	4278
3233	4210
3234	4394
3235	4925
3235	4989
3236	4379
3236	4634
3237	3426
3237	3823
3239	3876
3240	4680
3241	3272
3241	4002
3241	4554
3242	3588
3243	3547
3243	3988
3244	3325
3244	4192
3244	4816
3245	3410
3245	3995
3247	3349
3247	4165
3248	3872
3249	4078
3250	4395
3250	4948
3251	4652
3254	4288
3256	4344
3258	4765
3259	4068
3259	4849
3261	3447
3261	3635
3261	4714
3261	4749
3264	3670
3264	3734
3266	4815
3267	3787
3268	3345
3268	3587
3268	3774
3268	4268
3268	4284
3269	3297
3270	4814
3272	4336
3273	4637
3274	3636
3275	3291
3275	3298
3276	4554
3276	4946
3278	4484
3282	3995
3284	4741
3285	4640
3285	4720
3285	4899
3287	4072
3287	4855
3289	4255
3290	4830
3291	3788
3291	4454
3292	4750
3293	3341
3293	3495
3293	3548
3293	4518
3295	4972
3295	4984
3297	3307
3297	4194
3299	3514
3300	3817
3301	3711
3301	4230
3301	4516
3301	4858
3303	4404
3304	3857
3305	4805
3306	3872
3306	4170
3309	4488
3309	4961
3310	4279
3311	3936
3315	4376
3315	4921
3316	3509
3316	4698
3317	3393
3317	3890
3319	3383
3319	3847
3320	3794
3320	3884
3321	4153
3322	4976
3326	3685
3326	3806
3326	4157
3329	3639
3329	3792
3329	4971
3330	3756
3331	4921
3333	4477
3333	4867
3335	3992
3337	4787
3339	4415
3340	3952
3340	4318
3340	4590
3340	4895
3341	4108
3341	4166
3341	4912
3342	4734
3343	3885
3343	4495
3344	3657
3346	3741
3346	4698
3347	3714
3348	3720
3348	3851
3349	3553
3350	4578
3350	4864
3351	4653
3351	4937
3352	4037
3353	4694
3353	4920
3354	3508
3354	4052
3357	3857
3359	3373
3361	3895
3361	4333
3362	4080
3363	3742
3364	3681
3366	4972
3367	3832
3369	4389
3369	4555
3371	3534
3372	3374
3373	4010
3373	4556
3374	3556
3376	3826
3377	3690
3378	3908
3379	4512
3381	4191
3381	4762
3382	4431
3383	3821
3384	4158
3384	4882
3385	4106
3385	4468
3386	3646
3386	4223
3388	3530
3388	4000
3388	4099
3388	4623
3389	3919
3390	4447
3391	3530
3391	4391
3391	4992
3392	3837
3392	4066
3396	3653
3397	3438
3397	3657
3398	4249
3399	3546
3399	3648
3401	3594
3401	3665
3403	4070
3404	4407
3405	3640
3405	3834
3407	3663
3410	4285
3413	4395
3414	4313
3414	4707
3417	4085
3417	4592
3420	3586
3421	3525
3423	4745
3425	3446
3425	3639
3427	3579
3429	4707
3430	4272
3430	4962
3431	4437
3432	3550
3433	4004
3433	4164
3434	4239
3435	4746
3436	3990
3436	4262
3438	4075
3438	4493
3439	4439
3441	4495
3443	4563
3447	4694
3448	4945
3448	4991
3449	4876
3450	4184
3453	3594
3453	4033
3453	4170
3454	4009
3454	4431
3454	4501
3454	4652
3455	4621
3456	4120
3456	4274
3457	4234
3457	4637
3458	3495
3458	3699
3459	3672
3459	4259
3460	3644
3460	4812
3461	4006
3463	3985
3463	4515
3465	4794
3468	3535
3468	4248
3469	4479
3470	3691
3471	4032
3472	3493
3472	3736
3475	4716
3477	3732
3477	4810
3479	4420
3479	4654
3480	4705
3483	3633
3484	3887
3484	4242
3485	4338
3485	4486
3485	4805
3485	4913
3486	3931
3486	4030
3487	3990
3487	4961
3488	4217
3488	4371
3492	3686
3493	4428
3494	4057
3494	4485
3495	4306
3496	3567
3496	3574
3497	4401
3500	4112
3500	4838
3501	4165
3503	4751
3506	3628
3507	4402
3507	4432
3507	4855
3509	3529
3510	3547
3511	3614
3514	4351
3514	4878
3515	3823
3517	4992
3519	4133
3520	3585
3520	4471
3520	4723
3520	4766
3522	4594
3522	4799
3523	4719
3523	4883
3525	4300
3526	4547
3527	4722
3528	3700
3529	3730
3530	4824
3531	3948
3532	4478
3533	4364
3535	4158
3535	4665
3536	3617
3536	3850
3537	4249
3537	4679
3537	4966
3538	3612
3538	4902
3541	4605
3543	3793
3543	4504
3544	4052
3545	4380
3545	4956
3546	4200
3546	4818
3548	4214
3548	4881
3550	4093
3550	4370
3550	4991
3551	3824
3552	4035
3552	4895
3554	4429
3554	4550
3558	4040
3558	4045
3558	4203
3559	4271
3559	4424
3561	3883
3562	4421
3562	4700
3563	3961
3564	3581
3564	3618
3564	3990
3564	4488
3567	3963
3567	4579
3568	4090
3569	3892
3569	4840
3570	4934
3573	3775
3573	4088
3574	4092
3574	4745
3575	3658
3576	4902
3577	3606
3577	3737
3578	4701
3579	3778
3579	3942
3580	3857
3580	4075
3580	4280
3581	4957
3583	4050
3583	4191
3591	4156
3591	4999
3592	4654
3592	4915
3597	4007
3597	4479
3598	4688
3599	3932
3599	4881
3602	3907
3603	3705
3604	4569
3606	4548
3606	4849
3608	4868
3609	3674
3610	4228
3611	4668
3611	4681
3611	4881
3612	4050
3612	4427
3614	4095
3617	3739
3617	3859
3617	3941
3617	4080
3617	4126
3618	3916
3618	4377
3620	4835
3621	3622
3622	3783
3623	4675
3624	4452
3624	4514
3628	4099
3630	3891
3630	4104
3630	4422
3632	4215
3634	4096
3634	4213
3635	3798
3637	4397
3639	4696
3640	4546
3641	4814
3642	4446
3643	4206
3644	3913
3644	4104
3646	3663
3646	3852
3647	3896
3651	4900
3653	4315
3655	4603
3656	4860
3657	3735
3658	4465
3659	3937
3662	4384
3664	4641
3665	4478
3668	3695
3668	4623
3670	4992
3674	3788
3674	3928
3679	3956
3680	4060
3682	3998
3682	4252
3684	4708
3684	4720
3685	4331
3686	3970
3688	4079
3689	4366
3689	4528
3691	4411
3694	4165
3697	3985
3697	4007
3697	4239
3697	4401
3706	4874
3707	4293
3708	4860
3711	3899
3713	4951
3714	3716
3714	3943
3714	4232
3715	4163
3715	4174
3718	3948
3718	4580
3720	4024
3720	4569
3720	4865
3721	4457
3723	4918
3724	4086
3725	4656
3725	4880
3725	4909
3726	4230
3726	4639
3727	4335
3728	3966
3728	4252
3728	4606
3729	4208
3729	4682
3731	3972
3731	4181
3732	4158
3735	4272
3736	4302
3736	4726
3737	4031
3739	4166
3739	4814
3741	4842
3746	4148
3748	4549
3749	3756
3749	3931
3750	4685
3753	3784
3754	4240
3755	3834
3755	4868
3756	4130
3756	4552
3756	4699
3758	4619
3759	4917
3763	4659
3764	4663
3766	3950
3767	3927
3769	4648
3770	3852
3772	4561
3773	4114
3773	4122
3775	3806
3777	4249
3777	4950
3778	3843
3778	4216
3779	3918
3779	4683
3780	3802
3780	4758
3781	4509
3781	4863
3783	3947
3784	3940
3784	4422
3785	4125
3791	4814
3792	4236
3792	4791
3793	4743
3794	4680
3795	4364
3797	3873
3801	4224
3803	4481
3804	4961
3805	4237
3806	4606
3806	4752
3807	4427
3808	4353
3810	4168
3810	4255
3811	3948
3811	4142
3812	3950
3812	4767
3813	4124
3816	4371
3816	4753
3817	4602
3818	4549
3819	4161
3823	3850
3823	4373
3824	3905
3825	3900
3825	4283
3832	4980
3835	4490
3836	4589
3836	4934
3841	4306
3842	4293
3844	4752
3846	3894
3848	4994
3849	4304
3852	4352
3852	4587
3853	4434
3854	4302
3860	4007
3860	4244
3860	4799
3862	4037
3862	4203
3862	4691
3863	4270
3863	4971
3864	4433
3864	4613
3864	4776
3865	4020
3866	4549
3867	3964
3867	4740
3869	4103
3872	4277
3874	4121
3875	3919
3877	4048
3878	4385
3879	4794
3880	3937
3880	4136
3880	4984
3881	4729
3883	4343
3883	4864
3884	4758
3887	4976
3888	3985
3890	4058
3891	4060
3891	4718
3895	4570
3897	3991
3897	4446
3897	4741
3899	4193
3904	4090
3904	4380
3904	4674
3906	4630
3908	4042
3908	4210
3910	4881
3912	4012
3912	4594
3913	4382
3914	4649
3915	3943
3916	4300
3916	4527
3916	4731
3917	4365
3920	4830
3920	4966
3921	4157
3926	4670
3926	4972
3927	3981
3931	3977
3934	4607
3935	3994
3937	4619
3937	4940
3940	4224
3940	4238
3941	4244
3942	4279
3947	4845
3951	4945
3953	4428
3954	4054
3954	4869
3955	4879
3959	4107
3959	4772
3959	4934
3961	4315
3962	3972
3962	4729
3962	4766
3963	4032
3964	4730
3965	3988
3965	4243
3966	4310
3969	4196
3969	4525
3970	4010
3970	4219
3971	4375
3971	4755
3972	4517
3976	4543
3976	4620
3977	4612
3978	4563
3979	4198
3983	4576
3987	4462
3988	4746
3992	4443
3995	4339
3996	4610
3999	4246
4000	4173
4002	4360
4002	4692
4003	4846
4004	4804
4005	4240
4006	4413
4009	4241
4009	4378
4009	4764
4010	4793
4011	4392
4019	4895
4020	4367
4022	4481
4022	4685
4024	4951
4024	4966
4026	4909
4026	4961
4030	4879
4032	4717
4033	4235
4035	4750
4037	4317
4039	4358
4040	4309
4040	4363
4040	4540
4041	4108
4042	4697
4042	4998
4046	4181
4046	4889
4048	4559
4050	4386
4050	4591
4050	4832
4051	4226
4051	4881
4052	4348
4052	4499
4053	4889
4053	4959
4054	4412
4055	4794
4062	4527
4064	4722
4065	4763
4067	4591
4069	4686
4071	4993
4072	4494
4074	4391
4074	4814
4079	4629
4083	4282
4085	4254
4087	4789
4088	4670
4089	4600
4092	4718
4094	4133
4095	4695
4101	4630
4101	4812
4102	4559
4103	4781
4105	4828
4107	4834
4108	4769
4109	4534
4109	4812
4110	4320
4112	4629
4115	4132
4119	4216
4119	4693
4120	4687
4121	4778
4123	4974
4127	4863
4127	4918
4129	4440
4136	4313
4136	4893
4139	4731
4139	4950
4141	4761
4143	4451
4144	4247
4144	4473
4150	4197
4151	4216
4153	4341
4153	4547
4153	4962
4155	4210
4157	4200
4157	4856
4157	4973
4159	4328
4160	4770
4161	4410
4161	4934
4162	4195
4162	4753
4163	4779
4170	4492
4170	4534
4171	4961
4172	4335
4173	4384
4173	4682
4174	4460
4181	4886
4181	4934
4183	4218
4183	4790
4183	4881
4184	4845
4188	4917
4191	4234
4195	4987
4197	4298
4197	4400
4197	4540
4197	4623
4199	4647
4199	4852
4201	4704
4204	4250
4205	4478
4208	4420
4208	4527
4209	4939
4216	4909
4219	4529
4220	4797
4230	4858
4231	4340
4231	4817
4232	4808
4234	4842
4234	4948
4235	4643
4236	4635
4236	4783
4237	4410
4240	4683
4242	4506
4247	4357
4249	4605
4249	4998
4250	4740
4251	4690
4252	4258
4252	4341
4254	4947
4255	4303
4259	4650
4262	4527
4263	4965
4269	4438
4269	4647
4269	4788
4269	4977
4271	4352
4275	4841
4281	4511
4283	4959
4285	4769
4289	4822
4291	4714
4294	4350
4294	4740
4296	4764
4296	4812
4300	4867
4302	4451
4302	4795
4305	4467
4306	4482
4306	4745
4308	4339
4310	4633
4314	4506
4314	4678
4315	4934
4317	4695
4317	4940
4318	4538
4318	4651
4319	4958
4321	4920
4329	4677
4330	4386
4330	4953
4332	4960
4334	4833
4336	4378
4338	4360
4340	4895
4341	4841
4344	4933
4350	4704
4357	4359
4360	4862
4364	4547
4364	4603
4366	4815
4367	4470
4369	4422
4371	4794
4373	4554
4373	4700
4374	4541
4381	4753
4382	4638
4382	4973
4388	4918
4395	4428
4395	4958
4398	4765
4400	4580
4403	4946
4404	4751
4410	4774
4412	4429
4417	4895
4419	4854
4424	4965
4424	4983
4426	4475
4427	4619
4427	4749
4435	4864
4442	4613
4444	4999
4453	4919
4454	4517
4454	4906
4455	4961
4466	4580
4476	4856
4478	4701
4479	4745
4480	4635
4481	4780
4481	4944
4483	4666
4487	4620
4488	4737
4495	4577
4508	4683
4508	4727
4512	4810
4515	4602
4515	4691
4515	4819
4517	4711
4518	4667
4520	4580
4520	4904
4522	4940
4528	4917
4530	4539
4532	4898
4532	4947
4535	4571
4535	4718
4536	4973
4539	4592
4539	4815
4540	4953
4545	4592
4548	4805
4548	4885
4549	4839
4551	4859
4553	4709
4554	4699
4556	4561
4578	4703
4580	4701
4584	4628
4594	4608
4608	4634
4613	4717
4615	4838
4619	4696
4620	4632
4624	4869
4632	4879
4646	4870
4651	4761
4659	4864
4662	4704
4663	4879
4665	4866
4673	4814
4678	4832
4687	4857
4692	4911
4693	4695
4693	4833
4694	4808
4702	4954
4706	4794
4707	4918
4708	4748
4714	4805
4716	4965
4720	4922
4725	4866
4729	4933
4733	4837
4740	4865
4744	4883
4762	4929
4768	4807
4768	4846
4774	4961
4784	4956
4787	4999
4790	4996
4799	4930
4810	4923
4840	4963
4855	4894
4900	4910
4930	4996
4931	4957
4934	4941
