# Undirected graph (each unordered pair of nodes is saved once): datasets/final/5000/graph_5000_8500.txt
# Undirected Erdos-Renyi random graph.
# Nodes: 5000 Edges: 8500
# NodeId	NodeId
0	2304
0	2812
0	3549
0	3634
1	308
1	489
1	2295
1	4087
2	873
2	3381
3	79
4	3532
5	1463
5	4523
5	4964
6	597
6	847
6	1066
6	1976
6	2084
6	3143
6	4484
7	1755
7	3113
8	1749
8	2144
9	271
9	2307
9	3263
10	2216
10	2810
10	4927
11	1383
11	1464
11	2084
11	2341
11	3768
11	4883
12	551
12	639
12	3288
12	3343
13	20
14	227
14	4319
15	1797
15	3182
15	4452
15	4480
16	2455
16	2945
17	516
17	1315
17	2195
17	4148
17	4782
18	2989
19	403
19	1006
20	1337
20	2123
20	3658
20	4271
20	4274
21	160
21	1828
21	3361
21	4758
21	4841
22	1692
22	1899
22	3968
23	149
23	2485
23	2935
24	2947
25	326
25	2852
25	4149
25	4458
26	3328
27	1053
27	1348
27	1384
27	2471
27	3938
27	4436
28	453
28	1654
28	2649
28	3072
28	3246
28	3468
28	3475
28	3798
29	3012
30	383
30	1494
30	1677
30	1709
30	4209
31	2811
31	3795
31	4158
31	4540
31	4914
32	1835
32	3659
32	4386
33	253
33	3452
33	3539
34	1325
34	1531
34	3216
35	340
35	482
36	4199
37	436
37	542
37	646
37	1045
37	1129
37	1416
37	2908
37	3469
38	486
38	723
38	1744
38	4989
39	1955
39	1970
39	3407
39	3615
40	898
40	1800
40	3708
41	1478
41	2893
41	3762
42	971
42	1061
42	1596
43	3411
43	4647
44	785
44	796
44	2223
44	3711
44	4309
45	2494
45	3774
46	915
46	3428
46	4804
46	4946
47	4793
48	2153
48	4350
49	2089
49	2736
49	2844
49	3014
50	964
50	1167
50	1729
50	3330
50	3447
51	2210
52	1010
52	2716
52	3586
52	4031
52	4737
52	4903
53	1046
53	1167
53	3597
53	3666
53	4001
54	1745
54	4406
55	4227
55	4827
56	3372
56	4475
56	4746
57	371
57	1174
57	1456
57	2095
57	3066
57	3097
58	3930
58	4890
59	3977
59	4092
60	538
60	591
60	937
60	3163
60	3700
61	962
61	1485
61	1935
61	2263
61	4376
61	4861
62	165
62	1705
63	1725
63	2414
63	2433
63	4840
64	1225
64	3201
65	4231
66	1592
67	1155
67	1755
67	4683
68	1085
69	3169
69	4463
70	732
70	1138
70	3313
70	3469
71	2983
71	3332
71	4773
72	334
72	456
72	1290
72	2484
72	2502
72	4097
72	4519
73	762
73	2443
73	2727
73	3287
73	3669
74	1654
74	2849
74	2949
75	1689
75	2635
76	2836
76	4641
76	4783
77	1707
77	3647
78	2878
78	4733
79	3930
80	971
80	3228
80	3658
80	4583
80	4645
81	3965
81	4758
81	4761
82	4151
83	158
83	3073
83	3346
83	4328
84	99
84	752
84	1910
84	2349
84	2533
84	2590
84	3899
85	1921
85	4472
86	204
86	1435
86	2638
86	3310
86	3512
87	115
87	2381
87	2493
88	3500
88	4623
89	517
89	2750
89	3007
89	3076
89	3151
90	470
90	1125
90	2222
90	2623
90	3032
90	3275
90	3372
90	3607
91	463
91	2599
91	2689
91	2814
91	3556
91	4948
92	530
92	2251
92	2407
92	2631
92	3558
92	4744
93	787
93	1320
93	3715
93	4824
93	4879
94	2308
94	2415
94	3163
95	1201
95	1381
95	2887
95	2941
96	277
96	1041
96	1523
96	1930
96	2711
96	2793
96	2816
96	3187
97	1393
97	3585
97	4915
98	3203
98	3366
98	4007
98	4495
99	3637
99	3732
99	3982
100	1929
100	3229
100	4686
101	471
101	1534
101	2251
101	2872
101	3274
101	4209
102	231
102	2464
102	3663
102	3822
102	3900
102	4225
103	1573
103	3043
103	3373
104	2824
104	3493
104	4554
105	2940
105	3099
105	3224
106	366
106	4093
107	863
107	2307
107	4255
108	1070
108	1516
108	1899
109	534
109	1263
109	1513
109	4859
110	395
110	561
110	662
110	684
110	2825
110	3068
111	4771
112	633
112	902
112	1605
112	3469
112	4768
113	455
113	1818
113	4369
114	2290
114	3075
115	4121
116	546
116	2628
117	4525
117	4600
118	1129
118	3233
119	224
119	1082
119	1663
119	2815
120	1387
120	3260
120	3707
120	4372
120	4713
121	2080
121	2416
121	4585
122	498
122	2154
122	3561
122	4353
123	489
123	3292
123	3719
123	4015
123	4026
123	4928
124	1278
124	1285
125	666
125	1151
125	1898
125	3548
125	4440
126	1105
126	3131
127	702
127	2098
128	1663
128	3813
128	4569
129	1148
129	3544
130	3445
131	481
131	695
131	1459
131	2709
131	2787
131	3003
131	3719
132	1748
132	2023
132	2470
133	4141
134	2758
134	3037
135	4729
136	2767
136	2859
136	4891
137	1463
137	4897
138	198
138	959
138	4723
139	2996
140	1285
140	1577
140	2596
140	3048
140	4537
141	3387
141	4708
142	301
142	443
142	1829
142	4430
143	1009
143	1056
143	3898
143	4234
144	449
144	1059
144	4233
144	4635
144	4958
145	309
145	1182
145	1396
146	1292
146	1783
146	3246
146	4220
147	340
147	1293
147	2172
147	2614
148	2569
148	3120
148	3126
148	3731
148	4223
149	800
149	1889
149	4196
149	4756
150	1969
150	2025
150	3196
150	3261
150	4128
151	2856
151	4465
152	905
152	1287
152	2295
152	2707
152	2837
152	3111
152	3727
153	163
153	859
153	1475
153	1716
153	3183
153	3746
153	4630
153	4821
154	377
154	761
154	2862
155	459
155	1010
155	1560
155	2473
155	3242
155	4320
156	2400
156	2558
157	769
157	1105
157	3895
157	4146
157	4194
157	4468
158	1209
158	2086
158	2103
158	2803
158	4584
158	4817
159	1600
159	2871
159	3356
160	1321
160	1688
160	3400
160	3578
162	4728
162	4920
163	1219
164	926
164	1608
164	3303
164	4724
165	967
165	1318
165	1567
165	3075
165	4225
165	4237
166	1310
166	1795
166	4103
166	4371
166	4406
167	1379
167	1870
167	2467
168	447
168	4207
168	4486
169	295
169	1311
169	1678
169	1786
169	2745
169	4360
169	4733
170	1555
170	2118
170	3146
170	3333
170	4392
171	956
171	2549
171	2853
171	3717
171	4051
171	4142
172	1145
173	1365
173	3061
173	3678
173	4106
174	2357
175	2399
176	3188
176	3639
176	4261
176	4570
176	4975
177	347
177	911
177	1415
177	3244
178	779
178	1231
178	3070
179	1864
179	3007
179	3442
179	4311
180	441
180	872
180	1571
181	416
181	1809
181	4841
182	2168
182	2216
182	4258
183	1509
183	4144
183	4590
183	4689
183	4861
184	713
184	1484
184	3513
185	2515
185	3094
185	4226
185	4678
186	822
186	1971
187	1083
187	1098
187	2396
187	3868
187	4091
188	1935
189	332
189	647
189	737
189	769
189	873
189	1363
189	1439
189	4586
190	526
190	1374
190	2228
191	1413
191	2756
191	3175
191	3336
191	3345
192	3861
193	742
193	1262
193	1711
193	1846
193	3161
193	3358
193	4219
193	4372
195	748
195	757
195	1217
195	3098
196	1220
196	2456
196	2680
196	3315
196	3488
197	3666
198	1803
199	1606
199	3673
199	3814
200	467
200	2498
200	2694
200	3052
201	2967
201	3101
201	3815
202	263
202	579
202	1108
202	1936
202	3370
202	4828
203	1342
203	2306
203	2674
204	256
204	4293
205	3678
205	4582
206	237
206	384
206	462
206	515
206	2355
207	483
207	2261
207	3197
208	1629
208	2151
208	3933
209	1089
209	1776
209	2886
209	3945
210	295
210	313
210	3232
211	1621
211	1860
212	4895
213	720
213	2394
213	3231
214	419
214	3305
214	4727
216	3331
217	3714
217	3852
217	4629
218	3247
218	3523
218	3607
218	4988
219	4557
220	564
220	2885
221	754
221	958
221	1158
222	223
222	432
222	911
222	2803
222	3064
222	4503
223	2040
223	3543
223	3834
224	2034
225	2707
225	4966
226	1122
226	1615
226	3246
227	526
227	2018
227	4184
227	4386
227	4883
228	2056
228	2179
229	726
229	3051
229	3831
230	1204
230	1214
230	1281
230	1765
230	2654
230	4175
230	4551
231	632
231	966
231	2835
232	253
232	2426
232	3499
232	3613
232	4640
233	376
233	3221
234	1702
234	4108
234	4159
234	4726
235	2703
235	3078
235	3474
235	4086
236	275
236	2815
236	3275
236	4216
237	578
237	2934
237	3831
238	1988
238	2814
238	2868
238	4107
239	1027
239	1767
240	980
240	1398
240	3069
240	4339
241	494
241	1359
241	2561
241	4798
242	1576
242	1813
242	3761
242	4822
243	2075
243	2268
243	3836
243	4501
243	4942
244	289
244	3509
244	4271
244	4797
245	1284
245	2663
245	4485
245	4796
246	285
246	3138
247	333
247	1469
247	2772
247	4708
248	375
248	2596
248	2902
249	2430
249	3401
250	819
250	2584
250	4952
251	1415
251	2485
251	4556
252	2125
252	3040
252	3629
253	580
253	2170
253	4158
255	3942
256	999
256	3483
256	3735
256	4983
257	521
257	781
257	1829
258	492
258	2476
258	4990
259	2213
259	4435
260	2988
260	4217
260	4305
260	4525
261	1525
261	4197
262	359
262	506
262	3538
263	334
263	1185
263	1951
263	4342
263	4481
263	4720
264	640
264	1892
264	2248
264	2520
264	2626
265	2319
265	4476
265	4877
266	588
266	4330
267	3032
267	3221
268	728
268	1874
268	3364
268	4470
269	682
269	3559
269	3595
271	813
271	1834
271	2862
272	659
272	3245
272	3457
272	3808
272	3914
273	387
273	1564
273	1601
273	2957
273	3531
274	2600
274	3153
274	3420
275	1587
276	829
276	3084
277	638
277	3217
277	4512
278	1408
278	4457
279	1005
279	2943
279	3194
279	3500
279	3804
279	4864
280	2187
280	2854
280	2996
281	808
281	2100
283	1384
283	1541
283	4082
284	1131
284	1395
284	1681
284	1970
284	2894
284	3343
285	435
285	1084
285	1530
285	1706
286	1601
286	2496
286	2800
286	3604
286	4568
286	4978
287	2236
287	3995
287	4811
287	4902
288	3794
289	741
289	2725
289	3551
289	4231
290	1703
290	3323
291	1391
292	1732
292	2831
292	3273
293	2313
294	491
294	1906
294	2296
294	3796
294	4892
295	494
295	2611
295	3284
295	4017
295	4414
296	699
296	1059
296	1483
296	3705
296	3728
296	4461
297	1423
297	2248
299	2081
299	2841
300	1893
300	2539
301	2357
301	3384
302	868
302	918
302	1540
302	3387
302	4959
303	1968
303	2410
303	2810
303	3166
303	3187
303	3220
303	3703
303	4992
304	1342
304	2109
304	4306
304	4797
305	2181
305	3847
306	1627
306	2862
306	4221
306	4759
306	4783
307	3614
307	4443
307	4514
307	4801
308	1760
308	3326
308	4453
309	837
309	1872
310	2581
310	3120
310	3343
311	3126
311	3667
312	595
312	2945
312	4053
312	4395
313	435
313	537
313	2819
314	914
314	2461
314	4999
315	1069
315	4070
315	4081
315	4514
316	1485
316	2287
316	2903
316	3387
316	4506
317	1002
317	2152
317	3347
317	4241
317	4334
317	4688
318	1238
318	1452
318	1589
318	1748
319	3867
320	743
320	1963
320	4746
321	1516
321	2374
321	2664
322	1089
322	1888
322	4202
323	1703
323	2055
323	2475
323	2878
323	3984
324	2035
325	1646
325	2429
326	2489
326	2855
326	3031
327	507
327	542
327	648
327	880
327	2502
327	2743
327	4838
328	451
328	1190
328	1764
328	3876
328	4947
329	2606
329	2741
330	1433
330	2897
331	556
331	1099
331	2053
331	2691
331	4566
332	1803
332	2614
333	1538
333	4657
334	2802
334	3518
334	4082
334	4550
335	2882
336	1085
336	1467
336	4423
337	652
337	746
338	827
338	1924
338	3425
339	1189
339	2796
339	3687
339	4548
340	1952
340	2341
341	1206
341	2107
341	3053
341	4728
342	841
342	2587
343	530
343	1224
343	4391
344	4319
345	1313
345	1582
346	1801
346	2051
346	3281
346	3565
347	4746
349	669
349	1919
349	2681
349	4846
351	1911
351	2393
351	2830
351	3061
351	3790
352	1948
352	2436
352	3212
353	1934
353	4024
353	4470
354	482
354	1993
354	3380
354	4670
355	1620
355	2851
356	486
356	1297
356	2015
356	2325
356	2638
356	3005
356	3038
356	3661
357	954
357	1075
357	1849
357	2025
357	2565
358	614
358	2069
358	2566
358	3238
358	3378
358	3909
359	1244
359	4338
359	4346
361	502
361	3440
361	3693
362	2274
362	4557
363	1063
363	2948
363	4976
364	2959
365	1170
365	2075
365	2296
365	2881
365	3851
365	4145
365	4184
365	4412
365	4686
366	1445
366	1812
366	3823
366	4002
366	4976
367	915
367	2283
367	4663
368	1180
368	2122
368	3263
369	1935
369	2884
370	2740
370	3689
370	4156
370	4166
371	1355
371	2890
371	3391
371	4608
372	457
372	1995
372	3878
372	4884
373	562
373	974
374	2252
375	2367
375	4480
376	2351
376	2469
376	2551
376	2961
376	3440
376	4362
377	3954
377	4977
378	2673
378	3393
379	1844
379	2660
379	3519
379	4157
380	3218
380	3785
381	645
381	1266
381	4785
381	4788
382	2314
382	2570
382	3966
383	918
384	1344
384	1635
384	1706
384	2235
384	2515
384	3238
384	4937
385	2180
385	2361
386	1130
386	1834
386	4427
387	1059
387	1914
387	2517
387	2972
387	3986
387	4196
388	2832
388	4637
388	4875
389	2489
389	2931
389	4306
390	1724
390	4188
391	2023
391	2463
392	2280
392	2282
392	2774
393	729
393	2152
393	2921
393	3327
393	3766
394	454
394	2290
394	2525
394	2735
395	1369
395	3769
395	4052
396	2256
396	2586
397	642
397	965
397	1022
397	2484
397	3234
397	3322
397	4291
398	1561
398	1767
398	3758
398	4039
399	2331
399	2758
399	3551
399	4009
399	4121
400	954
400	1897
400	3050
400	3534
400	3785
400	4772
401	794
401	4677
401	4957
402	2015
402	3396
402	3772
402	4739
402	4979
403	862
403	4233
404	458
404	1511
404	1783
404	3191
404	3727
404	4837
405	1838
405	3962
406	1003
406	3961
407	1018
407	1382
407	1794
407	2295
407	2376
407	2774
407	3006
407	3816
408	2327
408	2737
408	4171
408	4536
408	4988
409	945
409	3759
410	2406
410	3144
411	849
411	1129
411	1760
411	2438
412	2253
412	2266
414	1215
414	4663
414	4875
415	630
415	2294
415	3049
415	3380
415	3531
416	1763
416	2708
416	3854
416	4109
416	4297
417	4778
418	2754
418	3060
418	3602
418	4220
419	754
419	3396
419	4232
420	499
420	4516
420	4895
421	3389
421	4390
421	4684
422	2354
422	3622
422	4179
423	1290
423	1756
423	4157
424	3029
424	3983
424	4503
427	1800
427	3772
427	4067
427	4732
428	973
428	1902
428	3402
429	3157
429	3974
430	3161
430	3180
430	3683
430	4055
430	4087
431	1820
431	2541
431	4715
432	573
432	2773
433	2421
433	3782
433	4605
434	1762
434	2993
434	4465
434	4980
435	2450
435	2672
436	801
436	2118
436	2407
436	3365
436	4684
436	4946
437	488
437	4646
438	545
438	949
438	2278
439	2242
440	2644
440	2725
441	2077
442	535
442	3261
443	1082
443	1648
443	1764
444	966
444	2055
444	2307
444	3055
445	794
445	1311
445	1653
445	2095
445	2464
445	3772
445	4115
445	4324
445	4393
446	2961
446	4563
447	4203
447	4494
447	4955
448	723
448	958
448	3830
449	723
449	1534
450	2437
450	4534
451	772
451	1834
451	3062
452	646
452	1488
452	2620
453	1751
453	3291
453	3426
454	638
454	1064
454	4336
454	4511
454	4562
455	1992
455	3912
455	4006
456	3256
456	4059
457	2176
457	4956
458	3608
459	762
459	4659
460	550
460	1848
460	3162
460	4618
461	868
461	1617
461	2592
461	3336
462	2358
462	2483
462	3113
462	3197
462	3702
462	3885
462	4868
463	948
463	1926
463	3674
463	4081
464	1386
464	3758
465	3407
466	664
466	682
466	2801
467	2774
467	3093
468	488
468	1417
468	1455
468	1656
468	1909
468	2810
468	3587
468	4250
469	2307
469	3124
470	522
470	1118
471	638
471	1768
471	3606
471	4206
472	1209
473	1168
473	2243
473	4612
474	563
474	2347
474	2651
475	2046
475	4511
475	4994
476	971
476	2094
476	3073
476	4582
477	3931
478	2546
478	3310
478	4193
478	4639
479	878
479	2343
479	4975
480	2959
480	3614
481	490
481	967
481	2989
481	4693
482	1114
482	1255
482	3011
482	4659
483	971
483	4521
484	1231
484	2562
485	3588
485	4838
486	4393
487	943
487	4213
488	1132
488	1576
488	2677
488	2730
488	4022
489	2967
489	3096
489	3803
489	4534
490	2553
490	3611
490	4567
491	1785
491	2055
491	2462
491	3706
491	4083
492	518
492	1754
492	2257
493	3833
493	4018
494	1525
496	2631
496	3960
496	4106
496	4180
496	4642
496	4744
497	770
497	910
497	3787
497	4785
498	1722
498	2175
498	4031
498	4936
499	1603
499	3932
500	992
500	1385
500	1810
500	2135
500	3679
500	4704
500	4850
500	4971
501	592
501	984
502	2288
502	3434
502	4730
503	2888
503	3758
504	1182
504	2214
504	2479
504	2915
504	4509
505	560
505	1191
505	1487
505	1618
505	1786
506	1632
506	2673
506	2818
507	1379
507	3605
507	4465
508	556
508	3438
508	4420
509	1505
510	849
510	2724
510	3606
511	3572
512	738
512	3206
512	4806
513	1840
513	2717
513	3799
514	577
514	2313
515	1868
515	2283
515	2409
515	2726
515	3082
515	4204
516	1491
516	3665
517	1395
517	2723
517	3650
517	3728
518	565
518	2327
518	3613
518	4508
519	2239
519	3856
519	4613
520	709
520	812
520	903
520	4226
521	1194
521	3054
522	1000
522	3326
522	3859
522	4265
523	1149
523	1217
523	1385
523	1430
524	1165
524	1486
524	4086
525	1309
525	2792
526	3033
526	3138
526	4616
527	1736
527	3490
527	4728
528	2099
528	2467
528	3454
529	1733
530	645
530	3178
530	4319
530	4362
531	3275
532	2727
532	3875
532	4513
533	1527
533	4177
534	951
534	1142
534	1218
534	2956
535	4038
535	4958
536	845
536	1347
536	3486
536	3614
536	4061
537	4348
538	4204
539	914
539	1694
539	3513
539	3908
540	1242
540	1583
540	1597
540	2031
540	2569
541	2661
541	3202
541	3316
542	818
542	2969
542	4332
543	1742
544	4352
545	842
545	1044
545	1650
545	2331
545	2594
545	2658
546	573
546	3903
546	4614
547	1969
547	2548
547	3579
547	3864
548	2325
548	3610
548	4661
548	4668
548	4884
549	1022
549	1167
549	4139
549	4385
549	4476
550	3444
550	4107
550	4606
551	1347
551	2044
551	2804
551	2980
551	3956
551	4740
552	2374
553	1747
553	2211
553	3157
553	4731
554	2366
554	4294
554	4422
555	1760
555	1849
555	2592
555	3491
556	1807
557	1449
558	2400
558	4136
559	1032
559	2491
559	3202
559	3308
559	3713
559	4132
560	723
560	1880
560	2116
560	2192
560	3028
561	1874
561	2441
561	4282
562	791
562	1483
562	2186
562	3134
562	3542
562	4410
563	810
563	2921
564	1323
564	3120
564	3562
564	4041
565	614
565	3344
565	4430
565	4919
566	4133
566	4250
566	4870
567	1794
567	2927
567	3223
567	3284
567	3937
567	3973
568	1261
569	1421
569	2658
569	3158
569	3289
570	2682
570	4154
570	4449
571	2671
571	2718
571	3002
571	3508
571	4625
574	679
574	1557
574	2834
574	2864
574	2885
574	4791
575	4643
576	1276
576	3080
576	3796
576	4369
577	1020
577	2979
577	4183
578	1531
578	2546
578	3457
579	2829
580	3519
580	4467
581	2548
581	3081
581	3660
582	1067
582	2113
582	3230
582	3560
583	1598
584	2567
584	3511
584	4123
585	949
585	1931
585	4248
585	4608
587	3060
589	756
589	1718
589	3649
590	4042
591	726
591	2873
591	3829
591	3867
591	4256
592	1958
592	2589
592	3861
593	1887
593	2191
593	2403
593	4296
594	4095
595	1360
595	2549
595	3458
596	2069
596	3903
596	4861
597	985
597	3987
598	2415
598	3208
598	4485
599	2795
599	3429
600	1491
600	1971
600	3038
600	3132
600	3311
600	4530
601	2745
602	774
602	1674
603	1048
604	691
604	763
604	3090
604	4315
604	4636
605	2265
605	3101
605	4334
606	1020
606	2146
606	4064
606	4300
607	4667
608	944
608	1462
608	3537
609	2082
609	4308
609	4588
610	691
610	1441
610	3282
610	4518
611	968
611	2316
611	3657
611	3757
611	4556
612	1135
612	1937
613	1207
613	1558
613	3229
613	4705
614	2784
614	3990
614	4560
615	2235
615	2350
615	2792
616	1941
616	3113
616	3570
616	3681
616	3921
617	2091
618	635
618	835
618	1592
619	1279
619	4567
619	4603
620	2128
620	3607
621	2236
621	2660
622	889
622	4980
623	1850
623	2117
623	2867
624	1311
624	3843
624	3867
625	1203
625	2378
625	2610
625	3382
626	1105
626	2089
626	2671
626	4551
627	2341
627	3464
627	3550
627	4374
628	808
628	2286
628	2852
628	3274
628	3300
628	4017
628	4843
629	1982
629	2806
629	4350
630	1650
630	1940
630	2143
630	3516
630	4513
631	3564
631	3879
631	3905
632	1225
632	3210
632	3866
632	4526
634	2367
634	3031
635	853
635	4436
636	894
636	1734
636	1894
637	4852
638	1369
638	2522
638	3190
639	1359
639	1740
639	2622
639	4859
640	1450
640	3599
641	3749
641	4906
642	3782
642	4136
642	4334
644	712
644	1113
644	1528
644	1712
644	1722
644	2357
644	2989
644	3221
645	1604
645	1792
646	1278
646	1882
646	2145
646	2366
646	2820
646	3500
647	1119
647	1885
647	3987
648	791
648	3920
649	3639
650	898
651	1498
651	2609
651	3608
652	796
652	1126
652	1205
652	4146
653	760
653	1500
653	3110
654	1393
654	2851
655	1193
655	1414
655	2008
656	1333
656	1810
656	1989
657	918
657	4116
658	747
658	2457
658	3129
658	3958
658	4660
659	1334
659	1722
660	2207
660	3541
660	4476
660	4611
661	3162
662	1371
662	2235
662	2985
662	4554
663	2625
663	2797
663	3805
664	1862
664	2558
664	2985
665	683
665	766
665	1027
665	1093
665	1333
665	1403
665	4054
666	2541
666	3287
667	2868
667	4500
667	4911
668	1065
668	1187
668	4722
669	2468
669	2528
669	3215
669	4709
670	1760
670	2250
670	2412
670	2683
670	3089
670	3634
671	1169
671	1334
671	2537
672	1232
672	2464
672	2757
673	1513
673	3395
673	3414
673	3562
674	1354
674	1448
674	3704
675	840
675	2065
675	2331
676	1290
676	2692
676	4844
677	2652
678	1561
678	1734
678	2545
678	2820
679	3449
679	3635
680	2487
680	3357
680	4531
681	2010
682	3050
682	3167
682	3864
683	2001
683	3317
683	3569
683	3929
683	4938
684	1349
684	2270
684	3116
684	4234
684	4266
685	1525
685	1824
685	3437
686	1318
686	1885
686	2928
687	1804
687	2899
687	4115
688	1348
688	3611
689	1841
689	2436
690	3062
691	1752
691	4490
691	4787
692	1630
692	3807
692	4378
693	2272
693	4537
694	1437
694	2555
694	3057
694	4236
695	3927
696	2467
696	2885
696	3016
696	3499
696	4391
696	4898
697	1435
697	1678
697	2184
697	3931
697	4681
698	4601
698	4817
699	1748
699	3762
700	979
700	1205
700	1492
700	4933
701	967
701	989
702	714
702	1131
702	1249
702	2619
702	2833
702	3828
702	4390
702	4769
703	1079
703	2090
703	3406
703	4085
703	4904
704	897
704	1210
704	3629
704	3739
704	4839
705	1553
705	3305
705	3492
706	2463
706	4246
707	833
707	2341
707	2903
707	3385
707	4036
707	4423
707	4536
707	4863
709	2565
709	4601
710	2926
711	2035
712	1981
712	2121
712	2766
712	4651
713	1404
713	2836
714	735
714	1464
714	2671
714	3898
715	2582
715	3791
715	4340
715	4646
716	2393
716	2405
716	3109
718	1398
718	2542
718	4249
719	2544
719	3270
720	2312
720	2317
720	2474
720	3150
720	4816
721	928
721	1738
721	2913
722	1321
722	3545
722	4679
723	1136
723	2778
723	2818
724	4538
725	1834
725	4421
726	2373
727	745
727	1866
727	2579
727	3236
727	3458
727	4402
728	2951
728	2975
728	4764
729	4148
730	1200
730	1492
730	4262
731	1829
731	1890
731	4559
732	3431
733	2243
733	3480
734	1068
734	1871
734	2305
734	3361
734	4179
735	1177
735	2609
735	2798
735	2800
735	4175
736	1121
736	1830
736	2112
736	2509
736	3432
736	3589
736	4221
738	1395
738	1526
738	3458
738	4531
739	1539
739	2256
739	2967
739	3313
740	1021
740	4311
741	1265
742	1078
742	1542
742	3045
742	3982
742	4591
742	4679
743	986
743	1544
743	3362
743	3849
744	1692
744	2040
745	1909
745	3940
746	3285
746	4646
747	842
747	3379
748	1330
748	1966
748	3242
748	4533
748	4772
748	4885
749	1075
749	1911
749	2325
749	2740
749	3229
749	3717
750	2603
750	2856
750	3052
750	4684
750	4885
751	765
751	3238
751	4142
752	2603
752	3146
752	3274
752	3788
752	4713
754	1134
754	4979
755	2605
756	1391
757	2995
757	3318
757	3895
758	3977
758	4982
759	2075
759	2641
760	1568
760	2107
760	2890
760	3357
760	4540
760	4600
760	4969
761	1544
761	3012
761	3217
761	3603
762	809
762	2241
762	3633
762	4587
763	965
763	1695
763	4509
764	2685
764	2979
764	3887
764	4867
765	2294
765	4214
766	1823
766	4127
767	1799
767	2496
767	2693
767	2980
767	3653
767	3778
767	4388
768	1262
768	1280
768	1978
768	3009
768	4456
769	3755
769	4048
769	4526
770	2007
770	2472
770	4719
771	1167
771	1911
771	2294
771	3603
771	3856
771	4645
771	4898
772	1411
772	1669
772	1894
772	2860
772	4795
773	3561
774	3529
774	3795
775	2174
775	2213
775	2325
776	1465
776	2086
777	847
777	1669
777	4652
778	997
778	1975
778	2508
779	1126
779	1626
779	4690
780	1237
780	2661
780	3206
780	4194
781	1368
781	4448
782	2137
782	3390
783	4241
784	2206
784	3628
786	4455
788	3294
788	4303
788	4928
789	815
790	1752
790	2938
790	2965
790	3015
791	1357
791	2368
792	4401
793	1057
793	1548
793	2354
793	3620
794	3349
794	3980
795	2371
795	4153
795	4212
795	4254
795	4504
795	4633
796	815
796	4621
797	1602
797	3102
797	4238
798	3654
798	4671
798	4962
799	2112
799	2380
800	1298
800	2421
801	1196
801	2574
802	1687
802	2530
802	2945
803	1899
803	3110
803	3369
803	4316
803	4933
804	1384
804	4174
804	4968
805	3006
805	3791
806	1533
807	1686
807	2450
807	3151
807	3280
808	1663
808	3294
808	4578
809	3723
809	4796
810	3241
810	3811
811	1085
811	2558
811	4068
811	4508
812	1004
812	1734
812	2800
812	4358
814	913
814	1014
814	1897
814	2418
814	3537
815	1751
815	2903
815	4271
816	2334
816	4035
816	4245
817	865
817	1322
817	3739
818	3538
818	4044
819	4482
819	4634
820	1895
820	4002
820	4998
821	2584
821	3881
821	3916
821	4091
821	4528
821	4986
822	2391
822	2643
823	1377
823	4580
824	1840
824	2761
825	1263
825	1443
825	3749
825	4827
826	4373
826	4856
826	4899
827	1221
827	1728
827	2178
827	3775
827	3793
827	4426
827	4692
828	3092
828	4020
829	1779
829	2678
829	3206
829	3343
829	4776
830	1167
830	1795
830	4627
832	3133
833	1916
833	3147
833	3353
833	3509
833	4876
834	1557
834	4433
835	4022
835	4201
835	4770
836	1436
836	4271
836	4965
837	1377
837	4849
838	1457
838	4053
838	4467
839	1658
839	1804
839	2012
839	2409
839	2441
839	3689
840	1052
840	1997
840	2622
840	4915
842	902
843	2278
843	3166
843	3869
843	4202
844	3213
844	4076
845	3716
846	1428
846	4910
847	1732
847	3154
848	1185
848	1382
849	3882
849	4498
850	3292
850	4992
851	4277
852	2063
852	2378
852	2488
853	3455
854	953
854	1069
854	1419
854	2779
854	4588
854	4706
855	2191
855	3014
856	1803
856	3406
856	4353
857	1522
857	4268
858	1990
859	2286
859	2502
859	2874
859	4733
859	4826
860	3048
861	869
861	1317
861	2211
861	3813
861	4803
862	1186
862	1336
862	3530
863	2079
863	3671
864	3774
864	3916
864	4031
865	876
865	1546
865	2919
865	3473
865	4714
866	2457
866	3589
866	3846
866	3885
867	1268
867	2063
868	1626
869	2940
870	1098
870	1475
870	1921
871	4592
871	4696
871	4776
872	1874
872	1903
872	3139
872	4778
872	4807
873	985
873	1450
873	2100
873	2261
873	3851
874	1302
874	2333
874	4953
875	1676
876	4671
877	961
877	1038
877	2196
877	2452
877	2804
878	1163
878	2451
878	2619
878	3972
879	1421
879	1883
879	2337
879	3639
879	4069
879	4659
880	904
881	4128
882	3474
883	2123
883	2294
883	4795
883	4949
884	1229
884	1955
884	4271
885	899
885	1958
887	2317
887	4366
888	1436
888	1448
888	4004
889	1440
889	2364
889	4365
889	4537
890	1719
891	1419
891	2206
891	3824
892	3770
893	3131
893	3707
894	1227
894	1410
894	2082
895	1172
895	2082
895	2436
895	2584
896	1630
896	4419
896	4611
897	1647
897	2626
897	4236
898	1398
898	1999
898	4226
899	2066
899	2389
900	3904
900	4292
900	4624
901	2433
901	3562
901	4032
902	1049
902	2882
902	4505
903	1227
903	2363
903	2929
903	3189
903	3653
903	4717
904	4645
905	1105
905	1416
905	2755
905	2831
906	2166
906	2186
906	2204
908	1791
908	2989
908	3119
908	3887
908	3964
908	4188
909	4170
910	1396
910	2778
911	2082
911	2876
912	982
912	1370
912	1464
912	3739
913	2243
914	2713
915	935
915	956
915	1814
915	2263
916	1115
916	2836
917	2100
918	1954
918	2775
918	4136
919	4657
919	4857
920	2353
920	2688
920	3289
921	2683
922	2450
923	2268
923	3262
923	3842
923	4755
924	1050
924	2991
924	3374
924	3786
925	1117
926	1480
926	2216
927	1639
927	2151
927	2637
928	2065
928	2667
929	2964
929	3647
929	3807
930	1598
930	2756
930	2914
930	3513
930	4121
930	4388
931	1368
931	3018
931	4733
931	4967
932	3063
933	1574
933	4147
934	1050
934	2310
934	4057
935	2661
935	4498
935	4827
935	4871
936	2465
936	3058
937	3447
937	4360
938	2810
938	3787
938	4892
939	2373
940	1131
940	1530
940	1589
940	4785
942	1141
942	1188
942	3978
943	2428
943	3999
944	3276
944	3727
944	4601
944	4955
945	2080
945	2764
945	2886
945	2920
945	3181
945	4200
947	2159
947	3734
948	1498
948	3765
949	3360
949	4152
949	4418
950	1514
950	4338
951	1644
951	1817
951	2149
951	2606
951	2792
951	4042
952	1761
952	4432
953	3867
953	3979
954	1056
954	1150
954	2915
954	3564
954	4789
955	2147
956	3888
956	4930
957	2138
957	2299
957	3381
958	1089
958	1355
958	1737
958	2572
958	4534
959	1181
959	3990
961	1136
961	3499
961	3997
962	1367
962	2869
962	4188
962	4808
963	1315
963	1712
963	2585
963	3959
963	4031
964	1412
964	1661
964	2875
964	3778
965	1708
965	2875
965	3166
966	1689
966	4532
967	1339
967	1496
967	2275
967	2669
967	3292
967	4730
969	1427
969	1544
969	2049
970	3032
970	3258
970	4734
971	1072
971	3739
971	4807
972	2960
972	3728
972	4607
973	1873
973	2420
974	4400
976	2759
976	4264
977	1713
977	1715
977	2520
977	2672
977	4919
978	1772
978	3298
978	3301
979	1384
979	2390
979	3678
980	1234
980	1846
980	2039
980	4185
981	1397
981	2351
981	3769
981	4996
982	1614
982	1864
982	2315
982	3614
982	3933
982	4033
983	1483
983	2564
983	4205
983	4946
984	3534
984	4033
984	4639
985	1677
985	2677
985	4079
986	2159
987	1899
987	3208
987	3360
988	3264
989	4019
990	4017
991	4299
991	4875
992	1698
992	2689
992	4593
993	2504
993	3527
993	3625
993	4320
994	3282
994	3584
995	2510
995	3105
995	3781
996	2144
996	2348
996	2939
996	4306
997	3568
998	1504
998	2296
998	4813
999	2344
999	2553
1000	4851
1001	1101
1001	2263
1001	3153
1001	4029
1001	4099
1002	1014
1002	1747
1002	1901
1002	3879
1003	1417
1003	4876
1004	2956
1004	3385
1004	3641
1004	4736
1005	2269
1005	2869
1005	3055
1005	3101
1005	3132
1005	3289
1005	4304
1005	4970
1006	1085
1006	1646
1006	2696
1006	4567
1006	4847
1007	1272
1007	2007
1007	3326
1008	2428
1008	4050
1009	2640
1009	3541
1010	1277
1010	1401
1010	4228
1011	2969
1011	4145
1012	2580
1012	3920
1013	1511
1013	1621
1013	2981
1013	4830
1014	3787
1014	4560
1015	1801
1015	2866
1016	1434
1016	1591
1016	2916
1016	4079
1017	2890
1017	3000
1018	4201
1018	4253
1019	2016
1019	4229
1020	1097
1020	3218
1020	3462
1020	3996
1021	2662
1021	4615
1022	1876
1023	1133
1023	2554
1023	3711
1023	3991
1023	4638
1024	2260
1024	3287
1025	2873
1025	2877
1025	3201
1025	3384
1025	3492
1025	3733
1025	4872
1026	3690
1026	4189
1026	4389
1027	3762
1028	1832
1028	1908
1028	3081
1029	1079
1029	1958
1029	2310
1029	2549
1029	3154
1029	4188
1029	4491
1029	4611
1030	4721
1031	2399
1032	2170
1032	3244
1032	3361
1033	2473
1033	2624
1033	3704
1034	1871
1034	2391
1034	3050
1034	3552
1035	3685
1035	4327
1036	1120
1036	2178
1036	2664
1037	4474
1038	1274
1038	1918
1038	4914
1039	1763
1039	4995
1040	2200
1040	2578
1040	3312
1040	4077
1041	3363
1042	1551
1042	1676
1042	4138
1042	4747
1043	2204
1044	2447
1044	2705
1044	4925
1045	2113
1045	4441
1046	1370
1046	1920
1047	2234
1048	1738
1048	3167
1048	4093
1049	2217
1049	2656
1049	3365
1050	1479
1051	3632
1052	2334
1052	2365
1052	2443
1052	2445
1052	4148
1053	1725
1053	3105
1053	3564
1054	1208
1054	2075
1054	2737
1054	3321
1055	1825
1056	1419
1056	4864
1057	1199
1057	1800
1057	1988
1057	2058
1057	2174
1057	3462
1057	4462
1058	2526
1058	4211
1058	4313
1059	1239
1059	3964
1059	4425
1060	1895
1060	1924
1060	2721
1061	1110
1061	2513
1061	2845
1061	2894
1061	4923
1062	1480
1062	1803
1062	1877
1064	2304
1064	2887
1065	2283
1065	2449
1065	3457
1066	1746
1066	2087
1066	4417
1067	1825
1067	3169
1067	3895
1068	2949
1068	3584
1068	3598
1069	1320
1069	2645
1069	2725
1070	4838
1070	4914
1071	1648
1073	2511
1073	4728
1074	4432
1074	4628
1075	1777
1075	3337
1075	4800
1076	2200
1076	4347
1078	4562
1079	1762
1079	3668
1079	3997
1080	1313
1080	1514
1080	2432
1081	2860
1081	3074
1082	1587
1082	2239
1082	2435
1082	2439
1083	1935
1083	2876
1083	3081
1083	3512
1083	3837
1084	1643
1084	1839
1085	3195
1086	1109
1086	1372
1086	1936
1087	4142
1088	1208
1089	1678
1089	2060
1089	2309
1089	2747
1089	3135
1089	4934
1090	2143
1091	2713
1091	4597
1093	1736
1093	3061
1093	4827
1094	1555
1095	2313
1095	3834
1096	1986
1096	2826
1096	3656
1096	3835
1096	4266
1097	2151
1097	2403
1097	3041
1098	2426
1098	2434
1098	4777
1098	4818
1099	1102
1099	1541
1100	1784
1100	2613
1101	3542
1101	4781
1102	2306
1102	2771
1102	3479
1102	4701
1103	1590
1104	2889
1105	3502
1105	3896
1105	4689
1106	2450
1106	4486
1107	2055
1108	1170
1108	2825
1110	1799
1110	3560
1110	4940
1112	1708
1113	2525
1113	2586
1114	1501
1114	1674
1114	4826
1115	2129
1115	2691
1115	2745
1116	1246
1117	2830
1117	3299
1117	4124
1119	1366
1119	1893
1119	4452
1120	1548
1120	2644
1120	3338
1120	3715
1120	3913
1120	4857
1121	1368
1121	1509
1121	2281
1121	2562
1121	3738
1121	4923
1122	1452
1122	1843
1122	2571
1122	2817
1122	4723
1123	4600
1123	4833
1124	1308
1124	1816
1124	1908
1124	2054
1124	4972
1125	1314
1125	2372
1126	4906
1127	2985
1128	1452
1128	2044
1128	2182
1128	4782
1129	2171
1129	3716
1130	1219
1130	1444
1130	4358
1130	4580
1131	1233
1131	1806
1131	2564
1131	4539
1132	2482
1132	2538
1132	3460
1132	4329
1132	4517
1133	2369
1133	2633
1133	4433
1134	1162
1134	3380
1134	4659
1135	1680
1135	1852
1135	2413
1136	3059
1136	4104
1136	4750
1137	3399
1137	4151
1137	4570
1138	2422
1139	4555
1140	1347
1140	1864
1140	1871
1140	2258
1140	2343
1141	1164
1141	1294
1141	4386
1142	4094
1144	1303
1144	2112
1144	2706
1144	4080
1145	4806
1146	3081
1146	3879
1147	2338
1147	4668
1147	4855
1148	1234
1148	3394
1149	3303
1150	1706
1150	2225
1150	3416
1151	1678
1152	2158
1152	2838
1153	3100
1153	4640
1154	1543
1154	4581
1154	4993
1156	1670
1156	4619
1157	2572
1157	2820
1157	4368
1158	4951
1159	4290
1160	3101
1161	1733
1161	2774
1161	3877
1161	4363
1161	4650
1163	2298
1163	3114
1163	4636
1164	1794
1164	1862
1164	2277
1164	3120
1165	2268
1165	2846
1165	4206
1166	1658
1166	3333
1166	3864
1166	4351
1167	2196
1168	3762
1168	4717
1168	4733
1169	2026
1169	4178
1169	4645
1170	2187
1171	2363
1171	3311
1171	4598
1172	2706
1172	3683
1173	1244
1173	3325
1173	4638
1174	1398
1174	1423
1174	4280
1175	3383
1175	4108
1176	1636
1176	1849
1176	1864
1176	3164
1176	4141
1176	4916
1177	2431
1177	3690
1178	3643
1178	4286
1179	1520
1179	2580
1179	3164
1179	3835
1180	2088
1180	2463
1180	4251
1181	1290
1181	1344
1181	2721
1181	3700
1182	3232
1182	3346
1182	3371
1182	3953
1182	4197
1183	2809
1184	1533
1184	1564
1184	2424
1184	2451
1184	3038
1184	3765
1185	3177
1185	3297
1185	3528
1186	1923
1186	3001
1186	4255
1186	4345
1187	1562
1188	2535
1188	3241
1189	2830
1190	1719
1190	2173
1190	2447
1190	3403
1190	3410
1190	3558
1191	1243
1192	1721
1192	2312
1192	2577
1192	4135
1192	4456
1193	2662
1193	3828
1193	4305
1193	4358
1194	4094
1195	2857
1195	3723
1195	3817
1195	3983
1196	2431
1196	4170
1197	1445
1197	3712
1197	4705
1198	1338
1198	3252
1198	3900
1198	4021
1199	1262
1199	1906
1199	2105
1199	2328
1199	3015
1199	4203
1199	4293
1200	2776
1200	2870
1201	3083
1201	3517
1202	1838
1202	2547
1203	1667
1203	3294
1203	3509
1204	1719
1204	1853
1204	2195
1204	4809
1204	4965
1205	2671
1205	3174
1205	3314
1205	4425
1206	1346
1206	1969
1206	2895
1206	3802
1206	4334
1207	1879
1207	2656
1207	2938
1208	4544
1209	1617
1209	3538
1210	3690
1210	4121
1210	4548
1210	4742
1210	4775
1210	4807
1211	3001
1211	4157
1211	4201
1212	1430
1212	2177
1212	3773
1212	3955
1212	4326
1213	1219
1213	3866
1214	1380
1215	2292
1216	2362
1216	2636
1216	3164
1217	1682
1217	3268
1217	4815
1218	1768
1218	3057
1219	2692
1219	2989
1219	4833
1220	2270
1220	4357
1221	3839
1221	4725
1222	2737
1223	4318
1224	2942
1224	3733
1224	4598
1225	2642
1226	1855
1226	2882
1226	2998
1226	3786
1227	1568
1227	1841
1227	3514
1228	2376
1229	1952
1229	4190
1230	1591
1230	3253
1230	3302
1231	2291
1231	2661
1231	4528
1231	4635
1232	2291
1232	2409
1232	2657
1232	4057
1232	4218
1233	2478
1233	3310
1235	1663
1235	2698
1235	3348
1235	3352
1235	3571
1236	1849
1236	3237
1236	3383
1236	3720
1236	3770
1236	3955
1237	4251
1238	3433
1239	3399
1239	3740
1239	4655
1240	1887
1240	2701
1240	2836
1241	3465
1241	4559
1241	4654
1242	1345
1242	4476
1243	2359
1243	3478
1243	4229
1243	4777
1244	4223
1245	2353
1245	4713
1246	2895
1247	3690
1247	3939
1247	4865
1248	1395
1248	3510
1248	3573
1248	3676
1248	4616
1249	4774
1250	2674
1250	3329
1250	3884
1250	4656
1251	3820
1252	1560
1252	2656
1252	3617
1253	3192
1253	4731
1255	3180
1256	1312
1256	1353
1256	2010
1256	2379
1256	3380
1257	2113
1257	2948
1257	3222
1258	3672
1258	4016
1259	2731
1260	2154
1260	2787
1261	1923
1261	2690
1262	1656
1262	2553
1262	2811
1262	3726
1263	2585
1263	3383
1264	1318
1264	1365
1264	3499
1265	1319
1265	2244
1265	3205
1265	4176
1266	3122
1266	4143
1266	4623
1269	1428
1270	2489
1270	2949
1270	4294
1271	4790
1272	1771
1272	3507
1273	1544
1273	1978
1273	3387
1273	3763
1273	4475
1273	4653
1274	1548
1274	2075
1274	3009
1274	4983
1275	1383
1275	3700
1275	4651
1276	1538
1276	1911
1276	2548
1276	2773
1276	3216
1276	4746
1277	1778
1277	3580
1277	4603
1277	4962
1278	2775
1281	3212
1283	1519
1283	2979
1283	3684
1283	4758
1284	3702
1286	3332
1286	3991
1286	4573
1286	4666
1287	2693
1287	3890
1288	2149
1288	2780
1289	1945
1289	2536
1290	4198
1292	2105
1292	2537
1292	4132
1292	4242
1293	2033
1294	1366
1295	2821
1295	4897
1296	3367
1296	3861
1297	1852
1297	1975
1297	2727
1297	4133
1298	1698
1298	2999
1298	3236
1299	2689
1299	3418
1300	3333
1300	4837
1301	2274
1301	3999
1301	4849
1302	1336
1302	1656
1302	1829
1302	2990
1302	3219
1303	3917
1303	4016
1304	2018
1304	2163
1305	2252
1305	4427
1305	4734
1306	4786
1306	4831
1307	2770
1308	2415
1308	2440
1309	2432
1309	2650
1309	3892
1310	2770
1310	3373
1311	3612
1311	4192
1312	1726
1312	4223
1313	3381
1313	3468
1313	3603
1314	3776
1315	3244
1316	4349
1318	1764
1318	3520
1318	3765
1318	4054
1319	3187
1319	4482
1320	2757
1320	4366
1320	4512
1320	4862
1321	1733
1321	1996
1321	2814
1322	1923
1322	2556
1322	4851
1322	4956
1324	3649
1325	2235
1325	3719
1325	3781
1325	4686
1326	4159
1327	1829
1327	2530
1327	4668
1328	3633
1329	3520
1329	3991
1329	4220
1330	3330
1330	4466
1330	4581
1331	3454
1332	1907
1332	2292
1332	3252
1333	2859
1333	3393
1334	1504
1334	1882
1334	2140
1334	2200
1334	2717
1334	3069
1334	3378
1335	4582
1335	4772
1336	3158
1336	3505
1336	4401
1337	4510
1337	4772
1339	2912
1339	3864
1339	4784
1339	4948
1340	3023
1341	4127
1342	2174
1343	1979
1343	2735
1344	2279
1344	2952
1344	4105
1345	1653
1346	1715
1346	2156
1347	1406
1347	1415
1347	2719
1347	2914
1347	4231
1348	2834
1349	1798
1349	3551
1349	3584
1350	3273
1351	1709
1351	2820
1351	4650
1352	2535
1352	3418
1352	4022
1352	4795
1353	1369
1353	1828
1353	2114
1353	2678
1353	2737
1353	4602
1353	4962
1354	4895
1354	4962
1355	2079
1355	2482
1355	2681
1355	4432
1356	1506
1356	2451
1356	4624
1357	4581
1358	1899
1358	3850
1358	4080
1359	4590
1360	2059
1360	4531
1361	1538
1361	4238
1361	4761
1361	4990
1362	3814
1363	2996
1363	4494
1364	2116
1364	2180
1364	3206
1364	3735
1364	3764
1364	4382
1365	1705
1365	3395
1365	3867
1366	3729
1366	4609
1367	3517
1367	4782
1368	2326
1369	2614
1369	3268
1369	4449
1370	2634
1370	2958
1370	4060
1371	2720
1371	3446
1372	3457
1372	3802
1373	1381
1373	2146
1373	4632
1374	1638
1374	4997
1375	2408
1375	2684
1375	2738
1376	3269
1377	2367
1378	2767
1378	2953
1378	3238
1378	4512
1379	1895
1380	2299
1380	2377
1380	4362
1381	2219
1382	2099
1382	2782
1383	1392
1383	1795
1383	3127
1383	4015
1383	4128
1383	4168
1383	4310
1383	4534
1385	3835
1385	4403
1386	2487
1386	3692
1386	3831
1386	4715
1388	3256
1388	3796
1388	3867
1389	2239
1389	4529
1390	4673
1391	2119
1391	2821
1391	3441
1391	3612
1391	4764
1392	3048
1392	3385
1393	1429
1393	1680
1393	1823
1393	3062
1393	3972
1394	4659
1395	1743
1395	2368
1395	4629
1395	4811
1396	1826
1396	2131
1396	2648
1396	3517
1396	3529
1397	2909
1397	4707
1398	1709
1398	2824
1399	2565
1400	2275
1400	3317
1400	4172
1401	2596
1401	3275
1401	4797
1402	3472
1403	3299
1405	2494
1405	3849
1406	1997
1406	4726
1407	2171
1407	2512
1408	1515
1408	1551
1409	3205
1409	4259
1409	4318
1409	4402
1410	1430
1410	2721
1411	3182
1412	1920
1412	2866
1412	3383
1413	3625
1414	2161
1416	1868
1416	2208
1416	2655
1416	3609
1416	3728
1416	4931
1417	4914
1418	1957
1418	2536
1419	2159
1419	3703
1419	4315
1420	1471
1420	4181
1420	4699
1421	3049
1421	4312
1421	4454
1422	4051
1423	1821
1423	2313
1424	2262
1425	2214
1425	2914
1425	3059
1426	2909
1426	4862
1427	3246
1427	3467
1428	2685
1429	2728
1429	2851
1429	4794
1430	1557
1430	2147
1430	2793
1430	3221
1430	4541
1431	1698
1431	2275
1431	2717
1431	4646
1431	4798
1431	4894
1432	1495
1432	1989
1432	3060
1432	4302
1432	4306
1432	4944
1433	4559
1434	2813
1434	4776
1435	2067
1435	3706
1435	3959
1435	4915
1436	2457
1437	1826
1437	3130
1438	1451
1438	2224
1439	1803
1439	2643
1439	4176
1440	1464
1440	2606
1441	1455
1441	3038
1441	4140
1442	3822
1443	2025
1443	2041
1443	3869
1444	2780
1446	3069
1447	1832
1447	2935
1447	3099
1447	3629
1447	4855
1448	2212
1448	4211
1448	4940
1449	2454
1450	3094
1450	4309
1451	2356
1451	2367
1451	2418
1451	2714
1451	3018
1452	4134
1453	1572
1453	2951
1453	3208
1453	4281
1454	1983
1454	3258
1454	3503
1455	2163
1455	2917
1455	3551
1456	2286
1456	3972
1457	3484
1457	4258
1458	1607
1459	2078
1460	2368
1461	4339
1462	2831
1463	2379
1464	3524
1464	4596
1465	1711
1465	2568
1465	3193
1465	3558
1465	3974
1465	4610
1466	2871
1466	3221
1467	1880
1467	3310
1467	3722
1469	3709
1469	4862
1470	3672
1470	4041
1471	1638
1471	4398
1471	4718
1472	4444
1473	3401
1474	2223
1474	2607
1474	3737
1475	2013
1475	3697
1477	4426
1477	4710
1478	4922
1479	1689
1479	3472
1479	3683
1479	4085
1479	4287
1480	4529
1481	1593
1481	2088
1481	2318
1481	4278
1481	4370
1482	2195
1482	4167
1483	4546
1484	2545
1484	2572
1484	3014
1484	4369
1485	1622
1485	4667
1486	3281
1486	3808
1486	4095
1486	4643
1487	2323
1487	3143
1487	3897
1487	4365
1487	4785
1488	1904
1488	3189
1488	3226
1488	3918
1489	3496
1490	1499
1490	2560
1490	4805
1492	1765
1493	3933
1494	1809
1494	4924
1495	1555
1495	2566
1495	3692
1495	4092
1496	2882
1496	3666
1497	1595
1497	1784
1497	2910
1497	4663
1498	1583
1498	1784
1499	2727
1501	3714
1501	4896
1502	3311
1503	1555
1503	4885
1504	2549
1504	4297
1505	2084
1505	4093
1506	2002
1506	4745
1507	3105
1507	4788
1508	3704
1508	4103
1509	1558
1509	1779
1509	2511
1510	1723
1510	2420
1510	2543
1510	3991
1510	4780
1511	3371
1511	4351
1512	3832
1513	1690
1513	2091
1513	4176
1514	2346
1514	2810
1514	2895
1514	4501
1515	1695
1515	1801
1515	4277
1517	1760
1517	3170
1517	3901
1517	4968
1518	3536
1518	3993
1519	1726
1519	3732
1519	4100
1519	4172
1520	1842
1520	2359
1520	3355
1521	3897
1521	4287
1522	3377
1522	3538
1522	3888
1522	3921
1522	4600
1523	2796
1524	1813
1524	2311
1524	2499
1524	3711
1525	2045
1525	3152
1525	3738
1526	2330
1526	4485
1527	2554
1527	2625
1527	2804
1527	3743
1527	4657
1528	1537
1528	3526
1529	1851
1530	1647
1530	4419
1531	2905
1532	2104
1534	3047
1535	3270
1535	3388
1535	4454
1536	3227
1536	3334
1536	4388
1536	4546
1537	1538
1537	3343
1537	4041
1538	1952
1538	2408
1538	2777
1538	3034
1538	4936
1539	2418
1539	4471
1540	1933
1540	2408
1540	3016
1540	4377
1541	2001
1543	3528
1543	4676
1543	4793
1543	4841
1544	2572
1544	3660
1545	2196
1545	2405
1546	2180
1546	2917
1546	2964
1546	2973
1546	4188
1546	4979
1547	1748
1547	1903
1547	3806
1548	3489
1549	4426
1550	2069
1550	2690
1550	2860
1550	4506
1551	1843
1551	2285
1551	3201
1551	4282
1551	4540
1552	1856
1552	2850
1552	4796
1553	1574
1553	2625
1553	2901
1553	4388
1554	2805
1555	1569
1555	2684
1555	2717
1555	3205
1555	3443
1555	4986
1556	2224
1556	4061
1556	4847
1557	4718
1557	4776
1558	2381
1559	2219
1559	4495
1560	1757
1560	2590
1560	4266
1560	4709
1560	4746
1561	3845
1561	4469
1562	2064
1563	3059
1563	3863
1563	4012
1564	1610
1564	2326
1564	4501
1564	4668
1565	4504
1565	4737
1565	4808
1566	1599
1566	1746
1566	2536
1566	3424
1566	3829
1567	1605
1567	4241
1567	4785
1568	2774
1568	3146
1568	4187
1569	3403
1569	4171
1570	2577
1570	3126
1571	3724
1571	3999
1571	4698
1572	2152
1572	2734
1572	4149
1572	4194
1572	4225
1573	2526
1573	3156
1573	4979
1574	2667
1574	3234
1575	2085
1575	2242
1576	2529
1576	3142
1576	3258
1578	2356
1578	4623
1580	2042
1580	3212
1580	3329
1580	3745
1581	1921
1581	3854
1582	1961
1582	2216
1582	3182
1583	2279
1583	2957
1584	2824
1584	4000
1585	2968
1586	2164
1586	4613
1587	2521
1587	3299
1587	3480
1587	4557
1588	1689
1588	3531
1589	3269
1589	3797
1589	4559
1590	2468
1590	2656
1590	2743
1590	3341
1590	4833
1591	4475
1591	4723
1592	1923
1592	2551
1592	4968
1593	4606
1594	1992
1595	2813
1596	2624
1596	4049
1596	4253
1596	4561
1597	3895
1598	1936
1598	4439
1599	1753
1599	4323
1600	1779
1600	2037
1600	4413
1600	4779
1601	3380
1601	4498
1602	4068
1603	1609
1603	2023
1603	2405
1603	3655
1604	3814
1606	4398
1607	2475
1607	3925
1607	4252
1608	2732
1608	3329
1609	3894
1609	4061
1609	4112
1610	1827
1610	2846
1610	3430
1610	4145
1610	4655
1611	1921
1611	3447
1611	4203
1612	2751
1613	2009
1613	2434
1613	3030
1613	3133
1613	3217
1613	4021
1613	4346
1614	2335
1614	2570
1614	2842
1614	3749
1615	2237
1615	4009
1616	2997
1616	3339
1616	4964
1617	3149
1617	4704
1618	2912
1618	3058
1618	4039
1619	3379
1619	4660
1620	1962
1620	2044
1620	2586
1620	2750
1620	3431
1621	2638
1621	2818
1621	3478
1621	3635
1621	4802
1622	2802
1623	2760
1623	2809
1623	3434
1624	3937
1625	4763
1626	1834
1626	3479
1626	3798
1626	4829
1627	3187
1628	2405
1629	1989
1629	3643
1630	2221
1630	2646
1630	4084
1630	4924
1631	3907
1632	2665
1632	3271
1632	3794
1633	2697
1633	3195
1633	3431
1634	1746
1634	4355
1635	2067
1636	2217
1637	2068
1638	3327
1639	4026
1639	4945
1640	1770
1640	2888
1640	4204
1641	1683
1641	2739
1641	3485
1641	3739
1641	3902
1641	4248
1641	4455
1642	1943
1642	4565
1643	3284
1643	4423
1644	2193
1644	3553
1645	4796
1646	2329
1646	2512
1646	4597
1647	1983
1648	1959
1648	2082
1648	2490
1648	3365
1648	3402
1649	1653
1649	1682
1650	3555
1651	1934
1651	4035
1651	4297
1652	3794
1653	1976
1653	3612
1653	4064
1654	3514
1654	3828
1654	4415
1655	3347
1655	3648
1656	2806
1656	3053
1657	3449
1658	2575
1659	2087
1659	4541
1660	3060
1660	3738
1660	3823
1660	4553
1661	1836
1661	1921
1661	2433
1661	3215
1661	3539
1661	4514
1661	4605
1662	2782
1662	3871
1663	3404
1663	4573
1664	1888
1664	2559
1665	2446
1665	4145
1666	4183
1666	4200
1667	2538
1668	3284
1668	3378
1668	3534
1668	4447
1669	2306
1669	2449
1669	4746
1670	2803
1670	4217
1671	1932
1671	3377
1672	3794
1674	4169
1674	4599
1675	2173
1675	4253
1676	2017
1676	2794
1676	4723
1678	2245
1678	3020
1678	3622
1678	3716
1679	2112
1679	2229
1680	3268
1681	2244
1681	2417
1681	2818
1681	4638
1682	1703
1682	2647
1682	3670
1682	3927
1682	4113
1683	2283
1683	2648
1683	3693
1683	3781
1684	1766
1684	2564
1685	2989
1685	3167
1685	4753
1685	4815
1687	1887
1689	2992
1689	4628
1690	4308
1690	4672
1691	4817
1691	4998
1693	3002
1693	4664
1694	4439
1695	4679
1696	3582
1697	2341
1697	2378
1697	3379
1697	4315
1698	2575
1699	2722
1699	3440
1699	3862
1699	3869
1701	4370
1702	2818
1703	1999
1703	2657
1704	1833
1704	4134
1704	4930
1705	2493
1705	4184
1706	4354
1707	1768
1707	2015
1707	2673
1707	3265
1707	4069
1708	2352
1708	2928
1708	3257
1709	1796
1709	2136
1709	2732
1711	3677
1711	4315
1712	1865
1712	1986
1712	2963
1712	4905
1712	4994
1713	2215
1713	2796
1714	2143
1714	3165
1714	3373
1715	2043
1715	2617
1715	2723
1715	4113
1716	3447
1717	1977
1717	2236
1717	3121
1717	3192
1717	3674
1717	4453
1718	3046
1718	4207
1718	4438
1719	3426
1719	3798
1720	2263
1720	3662
1720	4396
1720	4399
1720	4981
1721	2165
1722	4400
1723	2136
1723	2807
1723	4736
1724	2515
1724	2607
1724	2664
1724	3423
1724	4944
1725	3383
1725	3828
1726	2111
1726	2117
1726	2118
1726	3397
1726	4963
1728	3126
1729	2646
1729	4622
1730	3307
1730	4529
1731	1825
1731	4215
1731	4647
1732	4022
1732	4173
1732	4331
1732	4636
1734	2416
1734	3460
1734	3708
1734	3831
1735	1740
1735	1961
1735	4880
1736	2012
1736	2697
1737	2730
1737	3399
1737	4922
1738	1999
1739	1793
1739	2114
1739	4363
1740	3028
1740	4368
1741	4218
1741	4858
1742	1893
1742	2075
1742	2547
1742	3479
1743	2108
1743	2498
1743	2718
1743	2886
1743	4129
1743	4309
1744	2055
1744	2420
1746	2881
1746	4741
1747	1984
1747	3318
1748	2363
1748	2690
1748	3153
1748	3823
1749	1943
1749	4844
1750	3510
1750	4091
1751	2124
1751	2266
1751	2881
1751	3787
1753	1994
1754	2443
1754	2504
1754	3304
1754	4120
1755	4726
1756	1862
1756	2008
1756	2832
1756	3016
1757	4369
1757	4428
1758	2072
1758	3644
1758	4741
1758	4765
1758	4905
1759	2883
1759	3045
1759	4520
1760	1906
1760	3679
1760	4317
1761	2537
1761	3172
1762	2303
1762	3707
1762	4569
1763	2248
1763	2282
1763	4623
1764	4793
1764	4855
1765	1970
1765	2502
1765	2947
1765	4386
1766	3316
1767	2371
1768	2758
1769	2360
1769	2615
1769	2948
1770	2107
1770	2511
1771	2457
1771	2959
1771	3501
1771	4229
1771	4368
1772	2289
1772	3837
1773	4019
1774	4682
1775	2461
1775	2538
1775	2710
1775	3471
1776	3005
1776	3859
1776	4591
1776	4824
1777	2388
1778	3457
1778	3774
1778	4478
1779	1914
1779	2622
1779	2935
1779	4815
1780	1785
1780	2109
1781	2269
1782	2478
1782	2801
1783	3573
1783	4118
1783	4174
1784	2193
1784	2955
1784	3031
1784	4853
1785	4772
1786	3386
1787	4068
1788	2255
1788	2587
1788	2819
1788	4065
1788	4736
1789	1923
1790	2803
1791	2254
1791	2743
1792	3456
1792	3776
1793	4458
1795	2934
1795	3267
1795	3430
1795	3827
1796	2274
1796	2776
1796	2967
1798	2782
1799	3509
1799	4472
1800	3797
1800	4511
1800	4657
1800	4852
1801	3773
1801	3883
1803	3069
1803	3970
1804	1892
1804	1928
1805	2108
1805	3897
1805	4747
1806	2083
1806	2478
1806	2678
1806	2829
1806	2853
1806	4802
1807	3547
1808	2667
1808	2823
1808	3610
1809	1937
1809	2130
1811	1836
1811	2113
1811	2503
1811	3400
1811	3770
1811	4437
1812	4566
1814	4524
1815	2091
1815	2909
1816	2156
1816	4895
1817	3343
1817	3401
1818	3407
1818	4824
1819	2317
1819	2517
1819	4763
1820	2896
1820	3771
1821	2885
1821	3918
1821	3981
1821	4863
1822	2203
1822	3694
1822	4033
1823	4216
1823	4724
1823	4898
1824	3150
1824	3915
1825	2594
1826	3208
1826	3548
1826	4059
1826	4697
1826	4747
1827	3766
1828	2386
1828	4225
1829	1854
1829	3210
1829	3326
1830	2207
1830	2930
1830	3411
1830	4872
1831	3994
1831	4152
1833	2741
1833	3571
1834	2973
1834	3185
1834	4264
1835	2349
1835	2454
1836	2974
1836	4036
1837	2314
1837	3202
1837	3282
1838	2212
1838	2679
1838	2857
1838	3039
1838	4294
1839	2565
1840	2411
1841	3249
1842	2421
1843	2169
1843	2329
1843	2798
1843	3256
1844	2824
1844	2900
1844	3379
1844	4310
1845	1950
1845	3663
1845	4258
1846	1885
1846	2351
1846	4717
1847	4671
1848	3394
1848	3923
1849	1868
1849	3861
1850	2529
1850	4815
1851	2310
1851	4013
1851	4858
1852	4509
1853	3252
1853	3571
1854	2926
1854	3612
1854	4615
1855	2518
1855	4186
1856	1963
1856	4082
1856	4666
1857	3454
1857	3593
1858	2879
1858	2881
1858	3275
1858	3373
1858	3505
1858	4903
1859	3191
1859	4507
1861	3896
1862	2972
1862	3910
1862	3939
1862	4650
1862	4742
1863	3123
1864	3535
1864	3807
1866	3423
1867	3920
1867	4101
1868	4670
1869	3340
1869	3517
1870	3295
1871	3160
1873	2010
1874	3421
1874	4555
1874	4680
1875	2520
1875	2767
1876	3676
1876	3880
1876	3914
1876	3915
1877	3166
1877	3380
1877	4591
1877	4631
1877	4959
1878	4189
1879	2144
1879	4161
1879	4390
1880	3043
1880	3070
1880	3356
1880	3433
1880	3485
1880	4164
1881	2398
1881	3242
1881	3276
1881	4658
1882	1992
1882	4780
1883	3569
1883	4280
1884	2273
1884	2684
1887	2364
1887	3896
1888	2453
1888	3311
1888	4795
1889	1970
1889	2479
1890	2597
1890	3522
1890	3748
1890	3820
1892	3196
1893	3079
1893	4812
1894	2366
1894	4250
1894	4333
1894	4647
1895	3176
1895	3321
1895	3737
1895	3838
1895	4010
1896	3604
1896	4484
1897	2335
1897	3514
1897	3602
1897	4949
1898	2814
1898	3115
1898	3650
1898	4594
1899	3075
1899	3932
1900	3874
1900	4967
1901	2110
1901	4668
1902	2335
1902	2644
1902	3179
1902	3591
1902	4320
1903	3096
1903	3624
1903	3662
1904	2858
1905	3049
1905	3886
1905	4053
1905	4175
1906	3680
1906	3758
1906	3855
1906	4054
1906	4462
1907	3441
1907	4999
1908	2957
1908	4672
1908	4688
1909	2197
1909	3891
1909	4825
1910	3000
1911	3438
1911	4069
1911	4869
1911	4936
1912	2428
1912	2824
1912	2970
1913	3920
1913	4034
1914	2911
1914	3904
1914	4853
1915	3570
1915	4472
1916	4030
1917	2709
1917	3009
1917	4174
1918	3634
1918	3995
1918	4596
1919	3105
1919	3804
1919	3924
1920	3118
1920	3773
1920	3789
1921	2284
1921	4084
1921	4681
1922	2186
1922	2690
1922	3503
1922	4034
1922	4477
1924	2298
1924	2402
1924	2641
1924	2878
1924	3373
1925	3065
1926	2505
1926	3713
1927	4327
1928	2122
1928	4595
1928	4872
1929	4099
1930	2353
1930	2677
1930	2738
1931	4076
1932	3554
1932	4191
1934	4202
1935	2821
1935	2949
1935	2960
1936	2923
1936	3986
1936	4982
1937	2160
1937	3904
1938	2951
1938	3241
1938	4471
1938	4936
1939	2773
1939	3082
1939	3647
1939	4021
1939	4403
1940	3257
1940	3616
1940	3980
1940	4120
1940	4158
1940	4182
1940	4203
1941	2141
1941	2881
1941	3796
1941	4147
1942	2805
1942	4658
1943	3470
1943	4018
1943	4777
1944	3155
1944	4275
1945	3154
1945	3758
1945	4070
1946	4672
1947	2009
1947	2259
1947	3602
1947	4126
1948	2180
1948	2682
1949	3076
1951	2529
1951	2911
1951	3434
1952	2889
1953	2532
1953	3702
1955	2863
1955	3610
1955	3865
1956	2421
1956	2803
1956	4859
1957	2042
1958	3444
1959	2692
1959	3392
1959	3878
1961	3230
1961	3890
1961	4477
1962	2747
1962	2840
1962	4234
1963	2054
1964	3895
1964	4094
1965	2248
1965	4173
1965	4479
1965	4973
1967	2594
1967	4219
1968	2148
1968	2910
1968	4444
1968	4991
1969	3185
1969	3284
1969	3901
1969	3997
1969	4655
1970	2562
1970	4272
1971	2926
1972	4225
1972	4241
1972	4244
1973	2582
1973	3448
1974	2194
1974	2348
1975	4003
1976	3855
1976	4341
1977	4399
1977	4413
1978	3749
1978	4340
1979	1997
1979	2035
1979	2570
1979	3894
1980	4107
1980	4748
1981	2993
1981	3721
1981	4015
1981	4129
1982	2954
1982	4879
1983	3335
1984	2109
1984	4366
1984	4378
1985	2874
1986	4165
1987	2804
1987	3341
1987	3898
1987	4028
1988	4608
1989	2959
1990	3694
1991	2053
1991	3733
1991	3854
1991	4954
1992	2547
1992	2767
1995	2485
1995	3260
1996	4467
1997	3990
1997	4879
1998	2465
1998	3507
1999	2132
1999	2316
2000	2530
2000	2757
2000	4749
2001	4796
2001	4813
2002	3122
2003	3168
2003	4832
2004	4170
2005	4136
2005	4343
2006	4587
2007	2299
2007	3713
2008	3360
2008	3382
2008	4636
2009	2938
2012	2703
2012	2775
2012	3113
2013	2399
2014	2520
2014	3906
2015	4987
2016	2761
2016	3230
2016	4887
2017	2111
2017	4586
2018	2214
2018	3630
2019	2328
2019	3635
2020	2678
2020	2791
2021	3615
2022	2169
2022	2284
2022	2732
2022	2958
2022	3212
2023	3537
2024	3316
2024	3764
2025	2791
2026	4539
2027	2679
2027	3803
2028	2513
2028	2613
2028	2662
2028	2706
2028	3665
2028	3755
2030	2978
2030	4330
2031	3785
2031	3851
2031	4368
2031	4669
2032	2476
2032	3096
2032	4554
2033	2742
2033	3257
2033	3627
2033	4949
2034	4530
2035	3239
2035	4874
2036	4642
2037	3254
2038	2455
2038	4664
2039	3579
2039	3603
2039	4320
2040	2900
2041	3275
2042	4687
2043	3847
2046	3685
2046	4144
2046	4989
2047	3415
2047	4383
2048	2524
2048	3676
2048	3864
2048	4742
2049	2255
2049	2678
2050	4354
2050	4419
2051	2662
2052	4189
2053	4515
2053	4638
2054	2153
2055	3393
2056	2544
2056	2886
2056	3356
2056	3676
2057	3855
2057	4161
2057	4963
2058	3507
2058	3873
2058	4232
2059	2103
2059	2115
2059	3839
2060	2075
2060	3177
2060	4552
2061	3173
2061	3594
2061	3791
2061	4459
2062	3702
2062	3980
2063	2495
2064	2997
2064	4009
2064	4768
2066	2485
2066	3554
2066	4011
2066	4603
2066	4929
2067	2767
2068	3717
2068	4336
2069	2478
2069	3101
2069	4148
2069	4660
2070	4238
2071	2502
2071	3105
2071	4068
2074	2397
2074	2999
2075	2278
2076	2831
2076	4213
2076	4465
2077	4125
2078	2093
2078	2893
2078	2985
2078	3038
2079	2229
2079	3547
2079	3636
2081	3472
2082	4158
2083	3910
2085	3433
2085	4126
2086	2644
2086	4848
2087	3612
2088	2608
2088	2756
2088	2890
2088	3039
2089	2836
2089	3790
2089	4009
2089	4748
2090	2489
2090	2995
2090	3178
2090	3268
2090	3507
2090	4141
2090	4939
2092	2506
2092	4108
2092	4147
2093	2110
2093	3776
2094	2450
2094	3392
2094	3605
2095	4927
2095	4971
2096	2600
2096	3128
2096	3522
2096	3970
2097	4932
2099	3330
2099	3454
2099	4487
2100	3709
2101	2686
2101	3818
2102	3894
2102	4240
2103	2493
2104	2592
2104	4976
2105	2634
2105	4807
2106	3109
2107	2302
2107	2385
2107	2471
2108	2680
2108	2716
2108	3665
2108	3939
2108	4679
2109	2189
2109	2726
2109	4798
2111	3514
2111	3642
2111	3801
2112	2395
2112	4736
2112	4888
2113	3928
2113	3933
2114	3451
2114	3643
2115	4970
2116	3297
2116	3649
2117	2503
2117	3783
2118	2719
2118	3445
2119	3151
2119	4516
2120	2402
2120	4521
2121	2153
2121	2885
2121	4295
2122	3986
2123	2436
2123	3431
2123	3914
2123	4104
2124	3345
2125	4629
2126	2911
2127	2414
2127	2488
2127	3018
2127	3714
2127	3956
2127	4833
2128	2184
2128	3178
2128	3471
2128	3892
2128	4203
2128	4938
2129	2499
2130	4430
2130	4790
2131	2367
2132	2963
2132	3457
2132	4952
2133	2385
2133	3778
2133	4309
2134	2500
2134	2987
2134	3899
2134	4007
2136	2788
2136	4648
2136	4819
2137	2221
2137	3852
2137	4534
2138	3670
2138	3857
2138	3905
2138	4133
2139	4898
2140	4531
2141	4409
2142	2221
2142	3892
2143	3185
2143	3622
2143	3884
2144	4346
2145	4036
2146	3696
2147	3335
2147	3814
2148	3777
2148	4909
2150	2448
2151	3063
2151	3272
2151	3845
2151	4021
2151	4469
2151	4621
2152	2273
2152	2759
2152	4385
2152	4625
2153	3492
2153	3543
2154	2619
2155	3438
2155	3484
2158	2732
2158	2958
2158	3243
2158	3803
2159	3118
2160	3498
2160	4634
2161	4695
2162	2428
2162	2441
2162	2955
2162	3054
2162	4958
2163	3544
2163	4140
2163	4294
2164	2313
2164	2614
2164	4411
2165	2538
2165	3045
2165	3362
2167	3480
2168	4635
2169	3245
2169	3682
2171	2470
2171	4692
2172	2787
2172	3008
2172	4308
2173	2477
2173	3404
2174	3630
2175	2792
2175	3047
2175	3105
2175	4383
2176	4296
2176	4826
2177	2230
2177	2826
2177	4126
2177	4634
2178	4890
2179	3747
2180	2658
2180	3707
2181	2400
2182	3236
2183	3778
2183	3907
2184	2243
2184	2498
2184	2704
2184	3847
2184	4041
2184	4321
2185	2706
2185	4241
2185	4795
2185	4863
2186	3798
2186	4272
2187	3018
2189	2208
2189	2652
2190	3337
2190	3686
2190	4810
2191	2553
2191	2606
2191	4882
2192	3998
2194	3994
2194	4702
2197	2712
2197	3661
2197	3918
2198	2365
2198	3119
2198	3624
2198	3805
2199	3420
2199	4627
2201	4885
2202	2259
2202	2583
2202	4040
2203	2799
2203	4978
2204	2374
2204	3754
2205	2959
2206	4215
2207	2300
2207	4103
2208	2838
2209	3818
2210	3163
2210	3819
2211	2571
2211	2737
2211	4363
2213	3278
2214	2306
2214	4903
2215	2586
2215	2746
2215	3751
2216	2730
2216	4822
2216	4982
2217	2515
2217	3884
2217	4143
2219	3025
2221	2738
2221	3096
2221	3977
2221	4429
2222	2761
2222	3633
2222	4427
2223	3676
2223	4048
2223	4254
2225	3072
2225	4112
2226	2637
2226	2950
2226	4646
2227	2427
2227	3928
2227	4855
2228	4920
2229	2268
2229	2572
2229	2850
2229	3522
2230	2640
2230	2802
2232	3437
2233	4574
2233	4941
2234	4461
2236	4305
2237	4609
2238	2289
2238	3006
2238	3017
2240	4236
2241	3184
2241	3424
2241	4512
2242	2900
2242	3591
2242	3608
2243	3039
2243	4915
2244	3425
2244	4845
2244	4868
2244	4937
2245	2438
2245	4848
2246	2993
2247	2702
2247	3064
2248	3245
2248	3367
2250	3159
2251	2726
2252	3924
2252	3971
2252	4561
2254	4554
2255	3054
2255	3371
2255	3850
2256	3290
2256	4597
2257	2300
2257	4211
2259	4925
2260	3303
2260	4718
2260	4797
2261	2364
2261	3785
2263	2851
2263	3419
2263	4828
2264	2407
2264	2831
2264	4780
2265	2383
2265	2422
2265	4723
2266	3995
2266	4102
2268	2923
2268	3123
2268	4020
2269	2529
2269	2580
2269	3810
2269	3854
2270	2456
2270	4509
2271	3067
2271	4059
2271	4151
2272	3194
2272	3457
2274	4619
2275	2449
2275	3570
2276	2833
2276	3699
2277	2432
2277	3004
2277	4336
2277	4935
2279	2991
2280	2667
2282	4660
2285	3286
2286	2884
2287	2319
2287	3822
2287	4964
2288	4217
2290	3864
2291	2393
2291	3835
2291	4103
2292	3141
2292	3380
2293	3103
2294	3172
2294	3359
2294	4404
2295	3362
2295	4291
2297	3706
2299	2792
2299	2859
2301	3031
2301	4585
2301	4677
2302	2568
2302	2980
2302	3059
2303	3531
2305	2767
2305	3943
2305	4427
2307	3404
2307	4527
2307	4726
2308	3067
2308	4583
2309	4095
2309	4812
2311	2852
2312	3371
2312	4876
2313	2964
2313	3303
2314	3362
2314	4325
2314	4406
2314	4630
2315	2664
2315	3349
2315	3424
2315	3444
2315	3641
2316	2368
2316	3144
2316	4108
2317	2422
2317	2788
2318	4608
2319	3473
2319	4540
2320	2558
2320	2939
2320	3168
2321	2563
2322	2435
2323	3986
2323	4611
2324	4110
2325	3786
2325	3896
2326	2978
2326	4180
2326	4992
2327	3397
2327	3968
2328	3946
2329	2573
2329	2810
2329	2970
2329	4107
2329	4747
2330	4401
2330	4551
2331	2780
2331	3101
2331	4473
2332	2855
2332	4285
2333	2600
2334	2631
2335	2398
2336	2541
2336	3084
2336	3246
2337	3786
2338	3274
2339	3013
2339	3378
2339	4274
2340	2939
2340	3845
2341	3162
2342	3375
2342	4111
2342	4572
2343	3409
2344	2374
2344	3949
2345	2794
2346	2930
2347	4140
2347	4731
2349	2925
2349	4202
2351	3847
2351	3927
2351	4107
2351	4178
2352	3995
2353	4383
2353	4667
2353	4717
2354	3559
2356	3758
2357	3390
2359	2809
2359	3508
2362	3541
2363	2752
2363	3799
2364	2448
2364	4815
2365	3068
2367	3412
2367	4992
2369	2824
2370	2573
2370	3659
2370	4899
2371	2725
2371	3948
2372	2810
2372	3941
2373	3944
2373	4474
2373	4880
2374	3540
2376	3669
2377	4628
2377	4995
2378	3673
2378	3793
2378	4338
2378	4624
2379	2698
2379	2922
2379	3589
2379	3836
2380	3689
2380	4842
2382	2659
2383	3321
2383	4168
2383	4258
2383	4796
2384	2587
2384	4833
2387	3240
2387	3546
2387	4128
2387	4455
2388	3188
2388	3866
2388	4368
2389	2890
2390	2432
2390	4609
2392	2996
2393	3544
2394	2441
2394	3267
2395	3932
2397	2859
2397	3221
2397	3481
2398	3313
2398	3653
2399	4564
2400	2498
2400	4174
2401	3515
2401	3869
2401	4431
2401	4966
2403	2805
2403	3954
2404	3332
2404	4437
2405	2900
2405	4623
2405	4684
2406	2476
2406	2966
2407	2768
2407	3275
2407	3625
2410	3338
2410	4085
2411	3360
2411	3827
2412	2431
2412	3333
2412	4922
2413	3059
2414	2997
2414	3216
2415	3012
2415	3619
2416	2619
2416	4401
2416	4773
2417	3028
2417	3163
2418	2789
2418	3929
2418	4186
2418	4314
2421	3953
2421	4181
2421	4942
2422	3297
2423	3025
2423	3431
2423	3960
2424	2619
2424	3469
2424	3633
2427	3620
2428	2497
2428	2981
2428	3723
2430	3641
2430	3716
2430	4408
2431	3109
2431	3328
2432	2829
2432	3613
2432	4249
2433	4576
2434	2560
2434	3252
2434	4711
2435	3341
2436	3112
2438	3483
2438	4729
2439	2860
2439	3028
2439	3453
2439	3864
2439	3889
2440	3049
2441	4838
2442	2781
2444	2707
2446	3158
2447	3075
2448	3003
2448	3511
2448	3841
2448	4450
2450	4741
2451	3280
2452	3565
2453	2796
2453	4642
2454	4598
2454	4955
2455	4348
2456	3632
2457	3169
2457	4505
2458	2572
2461	2582
2461	2805
2461	3277
2461	3569
2462	2520
2462	4980
2463	3239
2463	4592
2464	4395
2464	4995
2465	3087
2466	2956
2466	3020
2466	3477
2466	4134
2467	4127
2468	4727
2468	4900
2469	3080
2469	4453
2469	4554
2469	4727
2470	4743
2471	3104
2471	3264
2471	3616
2471	3670
2471	3778
2472	3310
2472	3599
2472	3911
2473	2994
2474	3187
2474	4269
2475	4001
2475	4770
2475	4778
2476	3276
2476	4538
2477	3033
2478	4278
2478	4433
2479	4492
2480	3319
2480	4080
2480	4276
2480	4783
2481	3656
2482	3924
2482	4614
2482	4674
2485	3548
2485	3627
2485	4999
2486	4353
2486	4692
2487	3642
2488	3033
2488	3580
2488	3988
2489	2657
2489	3409
2491	3310
2491	3571
2491	3768
2491	4937
2492	2642
2492	2783
2492	4464
2492	4871
2493	2694
2493	3172
2493	3865
2493	4642
2495	3971
2495	4842
2496	4865
2497	3072
2498	3118
2500	3431
2500	3686
2500	4792
2502	2826
2502	3858
2502	4766
2503	4146
2504	3630
2505	3071
2505	3244
2505	4105
2505	4518
2506	2949
2507	3752
2508	3098
2508	4758
2510	2594
2510	2907
2510	4625
2512	3805
2512	3928
2513	3296
2513	3335
2514	3600
2514	4256
2515	2527
2515	3062
2515	3658
2515	3663
2516	3862
2516	4886
2518	3914
2522	2685
2522	2876
2522	4297
2522	4430
2523	3177
2523	4025
2524	3904
2524	3959
2524	4834
2528	4214
2528	4865
2529	2957
2529	2965
2529	3977
2529	4795
2530	2794
2530	3084
2530	3989
2530	4771
2530	4999
2532	3655
2533	3122
2534	4832
2535	3703
2535	3839
2536	2858
2537	3784
2538	3741
2539	3262
2540	4347
2540	4940
2542	3857
2542	4523
2543	4823
2544	3846
2545	2848
2545	3125
2545	4240
2547	2942
2548	2773
2548	4877
2550	3100
2550	4453
2550	4513
2550	4687
2551	3805
2552	2662
2552	4150
2552	4203
2552	4477
2553	2648
2554	2566
2554	3151
2554	4222
2557	2799
2557	3387
2557	3517
2560	3113
2561	2675
2561	4741
2563	2937
2563	3071
2564	2956
2564	3329
2564	4050
2564	4205
2564	4274
2564	4435
2565	4339
2565	4715
2566	2855
2566	3259
2568	2959
2568	3258
2568	4938
2571	4339
2571	4694
2572	3909
2572	4231
2572	4615
2572	4699
2573	3310
2574	3525
2575	2705
2575	4548
2577	4057
2579	4031
2579	4255
2579	4601
2580	3790
2580	4850
2581	2752
2581	3478
2582	3331
2582	3444
2582	4830
2583	3283
2583	4642
2584	2858
2584	3486
2585	2602
2586	4639
2587	3055
2587	4991
2588	3270
2588	4339
2589	2702
2590	2669
2590	2982
2590	3397
2590	4621
2591	4192
2592	3647
2592	4881
2593	2762
2594	2749
2594	4307
2594	4997
2595	2626
2596	2656
2596	3097
2596	3535
2596	4808
2596	4813
2597	4225
2597	4435
2597	4852
2598	4627
2599	3848
2600	3025
2601	2695
2602	4082
2602	4910
2603	3453
2604	4394
2604	4633
2605	2891
2605	4661
2607	3234
2607	3613
2608	3032
2608	4643
2610	2709
2610	4395
2610	4923
2611	3220
2611	4298
2611	4749
2612	3578
2612	3727
2612	4003
2612	4375
2613	2924
2613	3426
2615	3155
2615	3652
2615	3881
2617	3097
2617	3454
2618	3899
2618	3978
2618	4537
2619	4104
2619	4514
2619	4878
2620	4044
2621	3256
2622	3781
2623	3748
2624	4298
2624	4507
2625	2713
2625	3336
2625	3604
2625	4032
2625	4267
2626	4041
2626	4412
2627	2788
2627	3711
2628	2680
2628	4533
2630	3826
2630	4518
2631	2655
2631	4817
2632	2983
2632	3887
2632	4607
2632	4735
2633	2916
2633	3466
2635	3144
2635	3850
2635	4093
2636	3535
2636	3637
2637	2716
2637	3418
2637	3443
2639	2964
2640	3037
2640	4999
2641	2855
2641	4254
2642	3940
2642	4123
2644	4611
2645	3094
2645	4839
2647	3658
2649	3172
2649	3763
2650	3884
2651	3332
2652	3045
2653	3853
2653	3911
2654	2780
2654	3634
2654	4605
2655	4511
2656	2796
2656	3515
2657	4215
2658	2914
2659	4845
2661	3777
2661	4769
2664	4255
2664	4337
2664	4880
2665	3446
2665	3462
2666	3151
2666	3706
2667	3645
2669	3101
2669	3355
2669	4665
2671	4375
2672	4675
2673	4414
2675	4534
2675	4662
2676	3232
2676	3645
2677	3934
2677	4750
2678	3281
2678	3923
2679	2849
2679	4580
2680	3068
2680	3187
2680	4908
2681	3287
2681	3375
2681	4884
2682	4558
2683	3153
2683	4059
2686	3248
2686	4058
2687	2915
2687	3053
2688	2837
2688	4027
2688	4038
2690	2706
2690	2960
2690	3537
2691	3896
2692	3572
2693	2953
2693	4365
2695	3423
2695	4251
2696	2738
2696	4851
2697	3335
2697	3922
2698	3498
2700	3295
2700	3354
2701	3443
2702	2995
2703	3068
2703	3185
2703	4132
2703	4427
2704	2981
2704	2999
2704	3549
2704	4703
2705	4788
2707	2967
2707	3705
2707	4606
2709	3143
2709	3164
2710	4504
2711	3212
2712	2878
2712	2949
2712	4447
2714	3262
2714	4201
2714	4900
2715	2983
2716	4307
2717	3800
2718	2936
2718	4373
2719	3196
2720	3552
2720	3631
2721	2899
2721	3414
2721	4316
2722	2849
2722	3587
2724	4141
2725	3906
2726	2817
2726	4585
2727	4693
2728	2776
2728	2889
2728	3097
2728	3198
2728	4936
2729	3300
2729	3520
2729	4158
2730	3416
2731	3838
2732	3110
2732	4614
2733	3871
2734	3517
2734	4655
2736	4408
2737	3058
2737	3623
2737	4450
2740	3879
2742	3039
2742	4464
2743	4058
2744	4917
2745	3000
2745	3602
2745	3997
2746	3145
2746	3907
2748	3150
2748	4445
2750	4442
2751	2787
2751	2896
2752	3003
2752	4481
2753	2902
2753	2918
2753	3337
2753	3408
2755	3861
2756	3574
2758	3143
2758	3482
2760	3083
2760	3257
2760	3429
2762	3291
2762	3491
2763	4602
2764	3399
2765	3208
2765	3549
2765	3865
2765	3878
2766	4319
2767	3064
2767	3541
2767	3862
2767	4774
2768	4917
2769	3185
2769	4512
2770	2899
2770	4048
2771	3706
2771	3773
2772	3114
2772	3598
2772	4216
2773	3250
2773	3367
2773	3700
2774	3372
2774	3525
2774	4532
2774	4612
2775	4876
2777	2983
2778	2848
2778	4442
2781	2979
2782	4254
2782	4447
2784	3527
2784	3685
2785	3122
2785	4610
2786	4110
2786	4498
2786	4516
2787	3362
2787	3482
2788	3307
2790	3358
2790	4569
2791	3916
2791	4181
2791	4876
2792	4445
2792	4673
2795	4779
2796	4549
2797	3451
2797	3859
2797	4216
2797	4394
2799	4206
2800	3258
2802	3515
2803	4295
2804	4116
2804	4319
2804	4748
2804	4755
2806	3604
2809	3438
2809	3571
2809	3628
2809	4803
2809	4956
2810	4788
2813	4011
2814	3462
2814	3560
2814	4724
2815	3286
2815	3675
2815	3676
2815	4660
2816	3929
2817	4431
2818	3157
2819	4406
2820	4010
2821	3452
2822	4519
2823	3728
2824	3419
2824	3856
2825	4589
2825	4635
2826	2935
2826	2960
2826	3923
2827	4693
2828	3061
2829	3065
2829	3199
2829	4301
2830	3166
2830	3506
2830	4111
2830	4881
2832	3486
2832	3918
2832	4095
2833	2856
2833	3788
2833	4373
2834	3198
2834	4572
2835	4273
2836	2864
2836	3857
2836	4594
2837	4307
2838	3547
2838	4679
2839	3067
2839	3078
2839	4423
2840	3719
2840	3887
2841	2990
2843	4023
2843	4250
2845	3151
2847	4826
2848	4692
2849	2867
2849	3373
2850	3585
2850	4471
2850	4972
2851	4982
2852	3509
2852	3685
2852	3759
2855	3122
2855	3798
2855	3830
2855	3895
2855	4146
2855	4993
2856	3763
2856	4018
2857	4009
2858	3805
2861	4221
2862	3003
2862	4129
2863	4348
2864	2884
2864	2998
2864	3401
2864	3695
2865	4349
2866	2907
2866	4884
2867	4004
2867	4076
2867	4401
2867	4550
2868	4197
2868	4390
2869	3112
2869	3415
2869	3887
2870	3831
2870	4029
2870	4405
2870	4706
2871	2977
2872	2976
2872	3907
2873	3830
2876	3172
2876	4449
2876	4791
2877	3021
2877	3292
2877	3480
2878	3348
2879	4455
2880	3988
2880	4395
2881	3798
2883	2975
2884	3660
2885	4213
2886	4240
2887	3062
2887	3314
2888	4962
2890	3656
2890	4364
2891	3541
2891	4107
2892	3029
2892	4619
2892	4761
2894	3522
2895	3451
2895	4734
2895	4954
2897	2931
2897	3488
2898	3771
2898	3968
2899	2905
2899	3582
2900	3349
2900	4525
2901	2984
2902	3430
2902	3553
2902	3606
2902	4906
2903	3639
2903	4823
2907	3623
2908	4330
2909	3271
2909	3609
2910	3946
2910	4960
2911	4229
2912	3367
2912	4336
2913	4161
2914	3555
2914	4302
2915	3876
2915	4584
2918	3220
2918	4028
2918	4431
2918	4601
2921	3892
2921	4156
2922	3623
2922	3764
2923	3500
2923	3637
2924	4407
2925	3587
2925	3678
2925	4606
2925	4832
2926	3233
2927	3945
2927	4458
2928	3508
2928	3540
2928	3750
2929	3022
2930	4773
2934	4203
2935	3480
2936	3364
2937	2972
2937	4371
2938	3151
2939	4131
2939	4291
2939	4604
2940	3156
2940	3706
2940	4283
2940	4959
2941	4399
2941	4424
2941	4480
2941	4571
2942	3272
2942	4550
2945	3569
2945	4297
2947	2963
2947	3813
2947	4990
2948	3368
2949	4916
2950	3314
2950	4748
2951	3224
2954	3943
2954	4581
2955	3589
2956	2960
2956	3635
2957	3792
2957	4185
2958	4422
2959	3562
2959	4935
2961	3315
2962	3772
2963	3083
2963	4127
2967	4855
2968	3206
2968	4569
2968	4816
2968	4828
2971	4170
2972	3753
2973	3549
2974	3013
2974	3565
2974	4051
2975	3598
2975	4754
2976	4558
2976	4742
2977	4444
2979	2984
2980	3577
2980	4766
2982	3638
2982	4728
2983	3124
2984	4530
2985	3206
2986	3046
2986	3119
2986	3743
2987	3750
2989	4627
2991	4991
2992	3243
2992	4411
2993	4443
2993	4658
2994	3009
2997	4769
2997	4896
2998	4794
2999	3700
3000	4395
3001	3303
3001	3915
3001	4361
3001	4715
3002	3525
3002	4594
3003	4021
3003	4077
3003	4600
3004	3819
3005	3701
3006	4677
3007	3009
3007	3858
3007	3871
3007	3898
3008	4906
3009	3798
3009	4019
3009	4578
3009	4728
3009	4787
3010	3839
3011	4302
3011	4312
3012	3757
3012	4315
3012	4397
3012	4418
3012	4878
3013	3786
3013	3798
3013	3867
3013	4186
3014	3635
3014	4376
3015	3112
3016	3995
3018	3897
3019	4256
3019	4540
3021	3339
3021	3411
3021	4104
3021	4409
3022	3791
3022	4654
3023	3100
3023	3513
3024	3329
3025	3762
3026	4022
3027	3081
3029	3447
3030	4934
3031	4804
3032	3881
3033	3865
3034	4076
3035	3781
3035	4566
3037	3831
3038	3156
3038	3218
3038	3234
3038	3273
3038	4221
3038	4547
3039	4294
3040	3293
3040	4807
3043	3931
3043	3958
3043	4841
3044	3310
3045	3391
3045	3860
3046	3530
3046	3926
3046	4427
3047	3088
3047	4651
3047	4689
3047	4815
3049	3238
3050	4091
3053	3441
3053	3610
3053	3618
3053	4475
3054	3120
3054	3340
3055	3461
3055	4744
3055	4834
3057	3692
3057	3835
3057	4524
3058	3537
3058	4132
3058	4558
3060	4437
3060	4566
3061	3142
3062	4010
3063	3148
3063	3777
3063	4216
3065	4558
3065	4627
3068	3218
3068	4343
3068	4725
3069	3216
3070	4434
3073	3482
3073	3530
3076	3905
3076	4974
3077	3857
3077	3943
3077	4857
3079	3711
3080	3822
3082	3550
3082	4581
3083	4385
3084	3181
3085	4879
3087	4035
3087	4152
3089	3548
3090	4048
3091	3262
3091	3596
3091	3711
3094	3785
3094	3897
3095	4031
3097	3788
3097	4341
3098	3124
3098	4250
3099	3178
3100	4028
3101	3618
3101	3699
3102	4378
3103	4386
3104	3187
3105	3605
3106	3477
3106	4668
3106	4816
3107	3163
3107	3668
3107	4291
3107	4765
3109	3305
3109	4071
3110	4235
3110	4865
3111	3342
3112	3629
3113	3288
3113	3927
3113	4488
3113	4592
3114	3235
3114	3853
3114	4125
3116	4053
3118	4049
3118	4059
3118	4616
3119	3275
3120	4631
3121	3493
3122	4519
3122	4872
3123	3856
3123	4337
3124	3500
3124	4252
3124	4666
3125	3237
3125	4269
3125	4979
3126	3862
3128	4969
3129	3322
3131	3241
3131	4145
3133	4111
3133	4221
3133	4459
3134	4234
3137	4353
3139	4371
3140	3285
3140	3780
3140	4229
3142	4241
3143	3524
3143	3906
3143	4661
3143	4884
3144	4928
3146	3230
3146	3636
3146	4216
3148	4513
3149	4118
3149	4226
3151	3178
3151	3745
3152	4292
3153	3439
3154	3299
3155	4580
3156	3163
3159	4233
3159	4830
3160	4122
3160	4661
3161	4074
3162	3922
3162	4469
3163	3717
3164	3945
3164	4997
3165	3221
3165	3341
3165	3491
3166	4291
3167	4213
3169	3526
3169	3921
3169	3961
3169	4572
3170	3766
3172	4352
3173	4187
3175	3590
3176	4060
3176	4624
3176	4845
3177	3343
3178	3326
3178	3651
3179	3678
3180	4001
3181	3626
3182	3284
3182	3631
3183	3903
3183	4158
3183	4327
3184	4556
3185	3238
3185	3275
3186	3567
3186	4851
3187	3806
3187	4488
3189	3894
3190	3368
3191	3494
3191	4435
3191	4826
3194	3458
3194	4729
3195	3283
3195	4266
3195	4279
3195	4682
3200	3622
3200	4053
3200	4443
3201	4913
3203	3657
3204	4318
3205	3492
3205	3772
3205	4380
3206	3884
3207	4056
3207	4152
3210	4960
3211	3694
3212	3473
3212	3695
3214	3974
3214	4158
3215	3928
3215	4020
3215	4597
3215	4620
3218	4744
3218	4781
3219	4872
3220	3243
3220	3902
3221	3802
3221	3996
3222	3464
3222	4927
3223	4641
3223	4693
3227	4162
3227	4326
3233	4441
3234	3737
3235	3712
3236	3262
3236	4645
3237	3716
3237	4100
3239	4658
3240	4451
3241	3831
3241	4080
3242	3486
3243	4170
3244	3573
3245	4350
3247	4127
3248	4238
3249	3344
3251	4169
3251	4371
3251	4483
3252	3588
3252	4877
3253	3731
3254	4144
3256	3872
3258	4201
3258	4387
3261	4020
3262	3799
3262	4569
3262	4746
3264	4823
3265	3688
3265	4040
3266	3742
3266	4501
3266	4751
3267	3460
3267	3817
3268	4240
3268	4442
3269	3923
3271	3438
3272	4393
3272	4636
3275	3528
3276	3816
3277	4625
3278	3774
3279	4786
3280	4130
3282	3779
3282	4517
3282	4617
3282	4914
3283	4293
3284	3584
3287	3507
3287	4504
3291	3964
3291	4352
3292	3314
3292	3536
3292	4601
3293	3742
3295	3885
3297	4568
3297	4771
3297	4873
3298	3523
3298	3995
3299	3667
3301	3844
3301	4056
3303	4267
3304	4091
3306	4119
3306	4631
3307	4120
3307	4603
3308	3584
3308	4461
3309	4078
3310	4709
3310	4984
3313	3357
3314	3508
3314	3767
3315	4384
3315	4848
3317	4493
3319	4347
3319	4820
3320	3709
3320	4628
3321	4406
3324	4039
3328	3600
3328	3867
3328	4806
3329	4163
3330	3336
3332	4392
3333	3353
3333	3607
3334	4085
3335	3696
3337	3394
3339	3376
3341	4546
3343	4365
3344	3814
3344	4616
3345	3558
3346	4093
3347	4864
3348	3914
3349	3898
3350	4569
3351	3978
3353	3945
3353	4018
3354	3785
3354	3890
3356	4748
3357	4171
3360	3649
3361	4082
3362	4000
3364	3942
3364	4465
3365	3964
3365	4730
3366	4918
3367	3843
3367	4559
3368	4058
3369	3454
3369	3794
3369	4227
3374	3419
3375	3649
3375	4076
3375	4667
3378	4295
3379	4966
3380	3734
3380	3747
3380	4215
3381	4994
3384	3476
3385	3798
3385	3969
3388	4504
3389	3795
3390	4448
3390	4628
3391	3716
3392	3575
3392	3780
3393	3518
3394	3615
3394	3728
3395	4018
3395	4718
3395	4976
3396	3519
3396	3537
3396	3933
3396	3984
3396	4248
3396	4552
3396	4583
3397	3638
3397	4470
3398	3508
3398	4480
3398	4692
3401	3735
3401	4158
3404	4695
3405	3780
3406	4806
3407	3754
3407	4718
3408	3703
3408	4411
3410	4712
3412	4578
3414	3660
3415	4651
3415	4719
3416	3670
3416	4655
3417	3639
3417	3894
3417	4137
3420	3595
3420	3859
3420	4724
3421	4232
3424	3812
3425	3580
3425	3618
3427	4339
3430	3487
3431	4249
3431	4872
3433	4591
3434	3472
3434	3579
3434	4324
3435	3747
3436	3901
3436	4308
3439	3878
3440	3688
3441	3518
3441	4117
3441	4119
3442	3447
3442	3552
3444	3446
3444	4266
3449	4361
3450	4725
3451	3515
3452	4060
3453	4290
3453	4863
3454	3827
3454	4334
3454	4701
3455	3702
3455	4296
3460	4515
3462	4047
3462	4257
3464	4202
3465	4532
3466	4964
3467	4174
3468	4177
3469	3924
3469	4613
3469	4744
3470	4758
3471	3786
3471	4122
3471	4189
3471	4586
3473	4479
3474	3603
3474	4237
3476	3781
3476	4490
3477	4196
3477	4407
3479	3589
3480	4851
3481	3960
3481	3980
3481	4406
3483	4325
3484	4479
3484	4833
3486	3539
3486	3719
3487	4650
3489	3505
3489	4552
3491	4007
3491	4739
3492	4173
3492	4925
3493	3700
3494	4394
3494	4476
3494	4491
3495	3698
3498	3960
3503	3641
3503	3672
3506	3979
3507	3888
3507	4433
3510	3794
3511	4639
3512	3891
3513	3677
3513	3698
3515	3567
3515	4296
3518	3573
3518	3656
3518	4530
3519	3615
3519	4188
3520	4061
3520	4275
3520	4319
3520	4947
3521	4551
3521	4663
3522	3871
3522	4450
3523	3888
3523	4374
3524	4038
3524	4114
3524	4195
3524	4867
3525	4613
3526	4767
3526	4838
3527	4880
3528	4348
3531	4486
3532	4395
3534	3862
3534	4502
3537	4241
3538	3656
3538	4108
3538	4388
3540	3985
3541	4827
3544	3922
3545	4248
3548	4163
3550	4397
3550	4568
3552	4851
3555	4567
3557	3694
3557	4438
3558	4036
3558	4172
3558	4421
3559	4114
3559	4138
3560	4034
3561	4193
3561	4414
3561	4689
3561	4901
3563	4349
3564	4221
3567	3869
3567	3981
3568	3837
3568	4785
3570	4169
3571	4093
3574	4061
3574	4530
3576	3871
3577	3746
3578	4646
3579	3917
3583	4533
3584	3686
3584	4934
3585	4006
3586	3947
3586	4590
3587	4074
3589	3970
3589	3977
3590	3707
3591	3912
3591	4765
3592	3704
3592	3854
3593	4559
3594	3683
3596	4520
3596	4527
3597	3956
3598	4126
3600	4329
3601	4269
3601	4481
3602	3990
3603	3783
3607	4856
3609	3932
3610	4348
3612	3694
3612	4299
3614	4965
3615	4775
3616	3697
3616	4034
3617	4079
3621	3698
3623	3841
3623	4192
3624	4315
3624	4917
3625	4610
3626	3987
3626	4444
3626	4693
3626	4760
3629	4906
3631	4374
3632	3656
3632	3760
3632	4092
3632	4243
3633	4820
3634	4502
3635	3672
3635	3758
3635	4325
3636	4184
3637	3794
3638	3687
3638	4064
3638	4919
3639	4994
3641	3820
3641	4367
3642	4308
3642	4914
3643	4088
3643	4342
3644	4009
3645	3772
3645	3844
3645	3986
3645	4593
3646	4152
3648	3995
3648	4327
3650	3891
3652	4959
3653	4620
3654	4905
3655	3731
3655	4413
3657	4469
3657	4807
3658	4319
3658	4541
3659	4045
3660	4286
3661	3751
3663	4021
3663	4081
3663	4593
3665	3932
3667	4630
3668	4568
3670	4415
3672	4403
3672	4545
3673	3893
3675	4141
3679	4749
3679	4985
3680	3931
3681	3888
3681	4447
3683	4507
3685	4810
3686	4895
3688	3783
3688	4416
3690	3705
3690	4748
3691	4130
3691	4565
3692	3986
3693	4107
3695	4789
3696	4126
3698	3975
3699	4250
3700	3812
3700	4068
3702	3715
3702	4520
3703	4183
3704	4011
3704	4914
3705	3832
3706	3787
3706	4669
3711	4311
3712	4627
3712	4704
3713	4666
3713	4881
3714	4847
3716	4337
3717	3773
3717	4185
3718	4157
3718	4293
3719	4184
3719	4653
3721	3929
3721	4034
3721	4134
3722	4160
3722	4780
3724	3847
3724	3865
3725	4401
3726	3921
3726	4585
3728	4701
3730	4323
3731	4052
3738	3890
3738	4964
3739	4881
3740	4233
3741	4607
3745	4710
3752	3884
3752	3970
3752	4481
3753	4261
3756	4356
3757	4334
3758	4523
3759	3838
3759	4257
3761	4302
3762	4027
3763	3825
3763	4500
3763	4665
3770	3854
3773	4020
3774	3923
3774	4354
3774	4686
3777	4521
3778	4399
3779	4129
3780	4431
3781	3934
3781	4629
3783	4529
3784	4741
3785	4140
3786	4661
3786	4845
3787	4058
3788	4736
3791	4006
3791	4258
3793	4205
3798	4532
3799	3996
3800	4014
3801	4076
3803	4844
3805	4992
3806	4469
3806	4606
3806	4658
3807	4266
3809	4581
3811	3939
3811	4017
3812	4669
3813	4318
3815	4031
3818	3932
3818	4932
3819	4664
3819	4951
3822	4518
3823	4502
3825	3875
3825	4714
3827	4670
3829	4474
3832	4811
3836	4274
3837	3992
3841	4798
3842	4147
3847	4494
3852	4166
3852	4827
3852	4857
3853	4745
3854	4551
3856	4019
3856	4936
3859	4016
3859	4376
3860	4321
3861	3889
3861	4466
3863	4525
3865	4548
3867	4499
3868	4317
3872	4937
3874	4259
3874	4858
3876	4131
3876	4591
3879	4543
3884	4948
3886	4897
3887	4080
3889	4033
3889	4279
3891	4744
3891	4826
3892	4078
3893	4243
3897	4258
3898	3987
3899	4266
3899	4881
3900	4199
3900	4482
3901	4477
3902	4927
3905	4690
3905	4827
3910	4004
3913	4379
3921	4534
3923	4346
3925	4181
3928	4021
3929	4983
3931	4003
3932	4757
3934	4657
3934	4942
3936	4810
3937	4435
3937	4597
3938	3942
3939	4311
3940	4988
3941	4427
3942	4984
3943	4302
3944	4998
3947	4249
3950	4529
3950	4569
3951	4699
3953	4566
3956	4768
3958	4574
3962	4111
3963	4824
3964	4366
3964	4605
3968	4134
3968	4199
3968	4762
3972	4043
3972	4644
3973	4458
3978	4236
3978	4602
3981	4094
3981	4329
3982	4690
3983	4855
3984	4005
3984	4613
3984	4698
3986	4473
3989	4588
3989	4611
3995	4032
3998	4814
3998	4976
4001	4900
4004	4786
4005	4491
4006	4533
4007	4622
4010	4743
4011	4260
4012	4865
4014	4717
4017	4324
4017	4475
4018	4141
4023	4865
4024	4936
4027	4349
4028	4673
4029	4269
4031	4455
4031	4823
4032	4461
4035	4520
4035	4683
4036	4160
4036	4855
4040	4043
4040	4250
4040	4503
4040	4984
4041	4499
4042	4637
4042	4881
4043	4085
4043	4468
4043	4965
4044	4155
4054	4812
4054	4976
4055	4083
4055	4696
4061	4193
4061	4449
4062	4075
4063	4626
4063	4832
4064	4700
4066	4547
4067	4432
4067	4803
4072	4099
4072	4240
4075	4877
4077	4260
4077	4510
4078	4490
4078	4532
4086	4295
4090	4626
4093	4851
4093	4967
4094	4893
4096	4359
4096	4569
4096	4995
4097	4804
4101	4480
4105	4434
4105	4976
4108	4624
4112	4823
4116	4279
4119	4130
4119	4324
4122	4435
4124	4150
4124	4590
4125	4151
4127	4415
4127	4747
4128	4917
4135	4215
4135	4229
4135	4484
4137	4262
4140	4479
4142	4580
4144	4687
4145	4276
4146	4350
4146	4838
4147	4731
4148	4712
4148	4840
4149	4691
4151	4290
4152	4975
4153	4177
4153	4207
4154	4464
4154	4917
4157	4568
4157	4623
4158	4860
4159	4749
4161	4411
4161	4599
4162	4850
4162	4868
4164	4945
4167	4275
4169	4399
4171	4421
4171	4854
4174	4525
4174	4928
4182	4335
4185	4247
4186	4974
4187	4265
4189	4416
4189	4987
4190	4972
4191	4544
4191	4646
4195	4224
4195	4427
4203	4376
4203	4586
4204	4718
4206	4393
4207	4329
4210	4748
4211	4345
4211	4689
4214	4348
4214	4529
4215	4725
4217	4600
4217	4775
4218	4929
4220	4239
4220	4511
4222	4325
4222	4899
4224	4994
4225	4334
4227	4538
4227	4612
4227	4661
4229	4320
4230	4527
4230	4869
4235	4689
4235	4861
4238	4637
4239	4537
4243	4346
4252	4980
4254	4482
4256	4563
4257	4595
4261	4539
4261	4665
4263	4973
4272	4639
4276	4410
4277	4744
4278	4672
4279	4288
4279	4567
4282	4703
4283	4617
4284	4330
4284	4759
4285	4485
4286	4672
4287	4429
4288	4568
4292	4424
4295	4434
4295	4831
4299	4405
4300	4737
4303	4308
4303	4729
4305	4533
4305	4635
4305	4704
4305	4754
4310	4592
4311	4446
4313	4519
4315	4594
4317	4530
4318	4330
4318	4530
4319	4408
4325	4462
4326	4509
4326	4810
4329	4419
4335	4475
4335	4506
4338	4637
4341	4760
4342	4782
4346	4466
4350	4821
4352	4612
4353	4454
4355	4481
4356	4468
4357	4816
4364	4780
4365	4482
4366	4853
4368	4604
4374	4621
4374	4818
4376	4702
4381	4854
4385	4522
4387	4642
4390	4713
4391	4972
4397	4487
4402	4807
4404	4558
4405	4924
4405	4957
4409	4872
4413	4871
4417	4489
4417	4786
4418	4498
4420	4607
4421	4962
4427	4446
4427	4487
4427	4695
4430	4574
4431	4631
4434	4621
4439	4718
4441	4801
4443	4555
4444	4789
4447	4713
4447	4726
4451	4562
4452	4852
4454	4850
4455	4822
4465	4490
4465	4871
4466	4873
4471	4920
4478	4733
4483	4667
4485	4538
4486	4583
4492	4811
4496	4783
4499	4569
4503	4840
4508	4515
4509	4679
4510	4511
4511	4584
4513	4624
4524	4928
4526	4683
4526	4901
4527	4882
4536	4572
4545	4689
4547	4899
4548	4804
4550	4661
4552	4580
4555	4734
4563	4839
4565	4766
4566	4689
4574	4990
4575	4843
4579	4857
4583	4633
4586	4777
4598	4627
4600	4624
4601	4828
4602	4937
4603	4956
4609	4857
4615	4918
4618	4669
4629	4799
4642	4840
4644	4707
4649	4674
4650	4679
4652	4990
4660	4917
4664	4774
4665	4866
4675	4867
4692	4885
4699	4888
4710	4763
4712	4732
4712	4862
4718	4801
4718	4814
4726	4961
4733	4979
4740	4839
4743	4834
4745	4915
4754	4829
4755	4937
4762	4856
4767	4836
4768	4937
4778	4836
4778	4968
4788	4956
4789	4943
4791	4857
4814	4947
4815	4883
4816	4960
4830	4925
4835	4962
4848	4940
4854	4869
4857	4919
4868	4969
4881	4947
4885	4900
4888	4974
4942	4958
