# Undirected graph (each unordered pair of nodes is saved once): datasets/final/5000/graph_5000_7500.txt
# Undirected Erdos-Renyi random graph.
# Nodes: 5000 Edges: 7500
# NodeId	NodeId
0	1068
1	341
1	2386
1	4878
2	3771
3	1169
3	1428
3	1944
3	2094
3	2674
3	4892
4	965
4	1087
4	3082
4	3773
4	4631
6	794
6	2323
6	2387
7	1559
7	3031
7	3095
7	3780
7	4445
8	810
8	1906
8	3129
9	2868
10	3471
11	3782
11	3843
11	4656
12	1286
13	3643
14	1589
14	1648
14	1795
14	2386
14	2930
14	3788
14	4207
15	1529
15	3372
16	516
16	3231
16	4204
17	397
17	1451
17	1880
17	3628
18	635
18	2285
18	4465
19	1787
19	2402
19	2736
19	2903
19	3397
19	4537
20	2936
20	4626
21	3748
23	131
23	477
23	1513
23	1733
23	4089
24	768
24	3172
24	4272
26	832
26	1780
26	3560
26	3946
27	1700
27	2432
27	3604
28	602
28	3692
28	4839
29	1292
29	1327
29	1549
29	2437
29	3018
29	3103
30	2166
30	3390
30	3693
31	492
31	2663
31	2705
32	2805
32	3182
32	3725
33	1637
33	4562
34	270
34	3774
34	3987
35	3083
36	1372
36	2949
36	3874
37	103
37	691
37	1019
39	1928
39	2003
39	3730
39	3806
40	1815
40	1870
40	2102
40	2563
40	3652
42	3493
43	1566
43	1747
43	2566
43	2817
44	447
44	2778
45	141
45	1394
45	4532
45	4533
45	4793
46	3931
47	298
47	502
47	2577
47	3011
47	3902
48	427
48	2160
48	4450
49	257
49	773
49	3644
50	704
50	921
50	1662
50	2775
50	3936
50	4018
51	84
51	2547
52	1168
52	4900
53	1306
53	2543
53	3391
53	3681
53	3897
54	1717
54	2120
54	4971
55	2116
55	2815
56	1377
56	3036
56	3901
56	4420
57	2802
57	4098
58	508
58	1728
58	1995
58	2873
58	4150
60	3234
61	1811
62	213
62	979
62	2787
62	4821
63	1150
63	3093
63	3499
63	4986
64	2501
64	4155
65	1193
65	2830
65	2893
66	1030
66	2165
66	3513
66	4541
67	696
68	2569
68	4134
69	489
69	1575
69	4855
69	4965
70	1169
70	2054
70	3916
70	4706
71	1461
71	1487
71	2541
73	1670
73	2537
73	4776
73	4896
74	1076
74	3876
74	3903
74	3936
74	4464
75	131
75	2807
75	2879
77	770
78	596
78	2032
78	2420
78	2805
78	3378
79	2698
79	2834
79	3934
81	739
83	182
83	2793
84	2607
84	4657
85	1397
85	2375
85	3353
86	1469
86	3757
86	4991
87	583
87	3398
87	3658
88	1902
88	2906
89	1134
89	2546
89	3813
90	1354
90	4881
91	2640
91	2883
91	3536
91	4879
92	349
92	3440
93	3721
93	4583
94	3754
95	533
96	609
96	3447
97	674
97	1797
98	207
98	2069
98	2856
98	3879
99	1459
99	2859
99	3420
100	1388
100	4523
101	2384
101	2797
102	473
103	1324
103	1919
103	2797
103	2860
103	4106
103	4657
104	292
104	3042
104	4944
105	255
105	1745
105	2392
105	3412
105	4393
105	4503
107	2141
107	4775
108	759
108	1638
108	2024
108	2586
108	3234
108	3535
108	4174
108	4291
109	1159
110	969
110	1290
110	3880
110	4511
111	1142
111	4570
112	1764
112	3927
113	667
113	3386
113	4191
114	417
114	2166
114	2396
114	3425
115	4124
116	342
116	1066
116	3049
116	3161
116	3919
116	4222
116	4628
116	4715
117	251
117	2562
117	2906
117	3154
117	3316
118	1978
118	3678
119	928
119	2150
119	2185
119	2832
119	4021
120	1823
120	2309
120	3060
120	3244
121	1324
122	340
122	2763
123	1343
123	1680
123	2164
123	2358
124	4754
125	1791
125	4108
125	4844
126	652
126	3413
126	3955
126	4804
127	1457
127	2682
127	4578
128	1822
128	2754
128	3162
128	3472
128	4119
128	4841
128	4920
129	986
129	2722
129	4277
130	4683
130	4967
132	482
132	1753
132	1832
133	4133
134	275
134	581
134	4277
135	2363
136	2413
136	2801
136	4396
137	375
137	1480
137	2954
137	3198
138	543
138	1668
138	3668
138	3760
138	4025
139	1423
139	3846
139	3901
139	4844
140	1707
140	1801
140	2905
140	4756
142	2382
142	2845
143	684
143	786
143	1770
143	2777
143	3671
143	3860
144	606
144	914
145	1295
145	1340
145	2927
145	3775
145	4598
146	558
146	1829
146	3436
146	4749
147	2328
147	2510
148	1182
148	1331
148	2567
148	2774
148	3412
149	446
150	1334
150	1424
150	3234
150	4356
150	4989
151	724
151	1232
151	1759
151	1995
151	2567
151	4799
152	3338
152	4446
152	4690
153	3381
154	4852
155	2232
155	2397
155	3411
155	3584
156	2007
156	2985
156	3104
156	3660
157	176
157	881
157	1269
157	2297
157	4084
158	672
158	1610
158	2332
159	2591
159	4017
159	4483
160	1079
160	3800
162	1488
162	2197
162	2802
162	3389
163	223
163	1488
164	319
164	1885
164	2621
164	4603
165	960
165	1625
165	2094
165	2447
165	2699
165	3663
166	224
167	1193
167	2749
169	1758
169	1828
169	4392
170	1283
170	1537
170	2585
171	2876
172	1357
172	2723
172	3306
173	3012
173	4777
174	1406
174	1604
174	1709
174	2296
175	2835
176	1978
176	3047
176	3219
177	856
177	2940
178	540
179	2674
179	3313
181	3524
181	4192
182	857
182	1163
182	1710
182	4690
183	348
183	653
183	1105
183	4067
183	4646
184	305
184	1019
184	3112
185	871
185	1278
185	1492
185	2274
185	2286
185	3837
186	2132
187	409
187	2781
187	3234
188	1698
188	2256
188	2549
188	2550
189	1820
189	2493
190	564
190	1097
190	2473
190	2581
190	4757
191	658
191	2184
191	2515
191	2686
191	4095
192	1889
192	4676
193	4389
194	782
194	2497
194	2504
194	4985
195	533
195	2633
195	3184
195	4945
195	4986
196	2838
196	2862
196	2919
196	4504
197	259
197	1502
197	1666
197	2285
198	2602
198	4729
198	4890
199	3326
199	3512
199	4968
200	2357
201	3511
201	4309
202	264
202	1224
202	3535
202	4211
203	3183
205	1383
205	2054
205	2236
205	2399
205	4140
206	2368
206	3467
207	394
207	1006
207	1662
207	2330
207	2960
208	1355
209	994
209	2315
209	2407
209	3134
209	4803
210	222
210	512
210	696
211	1560
211	2203
211	2404
212	1403
213	3977
214	1246
214	3370
215	864
215	1182
215	2135
216	2965
217	499
217	2070
217	4048
218	262
218	1154
218	3029
218	3459
218	4356
219	936
219	1432
219	3231
220	3376
221	1777
221	3578
222	288
222	1076
222	4280
223	363
223	1828
223	2445
223	4009
224	3273
224	3810
225	1269
225	1392
225	2692
225	4301
227	704
227	1606
227	1681
227	1941
227	2706
227	2809
228	1116
228	2666
229	633
229	1411
230	1905
230	3997
230	4031
230	4071
230	4753
231	1860
231	1876
231	2603
232	2818
232	4130
233	959
233	2705
233	2857
233	3239
233	3362
233	3639
234	1115
235	4273
236	1134
236	1394
236	2109
236	3149
237	1852
237	3164
238	1342
238	2903
238	4157
238	4434
239	793
239	2116
239	2513
239	3760
240	981
240	2921
240	4289
241	481
241	1328
241	1700
241	4520
241	4955
242	429
242	1001
242	1857
243	1207
243	2822
243	4220
244	1534
244	2033
244	2416
244	3184
245	1443
245	2053
245	3475
245	4188
245	4474
246	1433
246	1894
246	2667
246	2950
246	3570
246	3770
246	4360
246	4633
247	459
247	1825
247	4443
248	1470
248	1507
248	4143
248	4664
249	2299
250	579
251	3177
252	1681
252	3434
253	2004
253	3119
254	2311
254	3249
254	4936
255	1987
255	4848
256	386
256	2626
256	2631
257	354
257	1265
257	3279
258	352
258	1957
258	2254
259	857
259	1872
259	2114
259	2472
259	3441
259	4436
260	660
260	914
261	1535
263	623
264	821
265	707
265	1465
267	3872
268	690
268	877
269	1327
269	2578
269	2686
269	2755
270	778
270	1408
270	1955
270	2604
270	3272
270	4053
270	4254
271	471
271	2449
271	3277
271	3937
272	581
272	926
272	2933
272	3960
272	4458
273	420
273	972
273	1089
273	4574
274	1175
274	2294
274	2577
274	2822
274	3391
274	3650
276	709
276	1150
276	1203
277	1664
277	2369
277	3977
277	4480
277	4983
279	1137
280	2058
280	2957
280	3747
280	4240
281	699
281	1344
281	3449
281	4144
282	2405
283	2820
284	915
284	1416
284	1513
284	2096
284	3453
285	543
285	2174
285	3427
286	1724
286	3301
286	3938
287	1869
287	2042
287	2654
288	714
289	2037
289	2831
289	2974
289	3822
290	446
290	617
290	738
290	1621
291	1348
293	2688
293	4000
294	1109
294	2290
294	3069
294	3554
295	2103
295	2374
296	345
296	769
296	1374
297	1492
297	2213
297	2466
297	2910
297	3812
297	3949
297	4491
298	2888
298	3539
298	3952
298	4500
298	4923
299	1010
300	657
300	1930
300	3001
301	1211
301	1711
302	2871
303	395
303	742
303	1814
303	1948
304	1644
304	3448
305	1604
305	3508
305	3847
305	4281
306	4226
307	2250
308	2400
308	2436
308	3950
310	2214
310	3818
310	3996
310	4103
311	2165
311	2954
311	4604
312	3457
312	3847
313	929
313	1206
313	1718
313	4482
314	1480
314	3193
315	3370
316	2104
316	4293
316	4485
316	4870
317	1675
317	3627
318	515
318	1249
318	1613
318	2898
319	791
319	953
319	1001
319	3951
319	4925
320	1820
320	3504
321	1545
321	2203
322	694
322	737
322	2209
322	2503
322	2915
322	4610
323	3772
323	4974
324	562
324	1939
324	3165
324	3737
325	437
325	3177
325	4122
326	3487
326	3507
326	4773
327	3990
327	4081
328	2794
329	4562
330	2176
330	2758
331	1105
331	3194
332	1584
332	2530
332	2919
333	758
333	3484
333	4025
333	4313
333	4871
334	582
335	1309
335	1847
335	2139
335	4637
336	3157
337	1513
337	3389
338	920
338	2375
338	2490
338	4442
339	566
339	687
339	1045
339	3552
339	3658
339	4853
340	1465
340	1922
341	384
341	410
341	3049
342	977
342	1781
342	2053
342	2151
342	2612
342	3627
344	1926
344	3385
344	4639
344	4852
345	1030
345	2086
345	2509
345	4104
347	4377
348	587
348	2638
349	973
349	4707
349	4751
350	657
351	2298
351	3558
352	1227
352	2972
354	701
354	825
354	1300
354	3202
354	3646
354	4784
355	719
355	3242
356	454
356	4670
357	449
357	2869
357	4239
357	4837
358	1565
358	2266
358	2400
358	3387
359	799
359	1026
360	874
360	2228
360	3479
360	4369
362	1336
362	2115
363	2152
363	2688
363	2775
363	3638
364	664
364	828
364	1586
364	2151
364	2484
364	4256
365	1284
366	1082
366	2230
366	2638
367	720
367	1971
367	2075
367	3024
367	4591
368	4328
369	3360
369	4090
369	4962
370	569
370	2349
370	2480
370	3275
370	3548
371	684
371	816
371	1041
371	1362
371	1624
371	1769
372	2343
372	3351
373	3398
373	3573
373	4008
374	2371
374	4714
375	2584
375	4497
376	1425
376	1536
376	1662
376	1805
376	2110
376	3514
377	2812
377	4881
378	1827
379	1632
379	2770
379	4429
380	4095
380	4716
381	947
381	4390
382	870
382	4196
383	1199
383	1606
383	3181
383	4300
384	4037
385	4009
386	785
387	429
387	1560
387	3843
387	4852
388	1573
388	3459
388	3831
388	4359
389	545
389	2660
389	2672
389	3807
389	4144
390	3949
390	4287
391	4000
391	4981
392	1528
392	4007
394	822
394	1885
394	2171
394	2471
394	3629
395	554
396	4568
397	660
397	3594
398	472
398	2406
399	2166
399	2975
399	4489
400	815
400	2813
400	4579
401	1593
401	1755
401	4954
402	1331
402	2027
402	4563
403	1451
403	2790
404	733
404	993
405	915
405	3487
405	4062
406	1212
406	3312
406	3647
406	4593
407	930
407	961
407	2913
407	4133
407	4247
407	4544
408	1093
408	1670
408	1877
408	2815
408	3372
408	4803
409	2971
409	3256
410	641
410	2673
411	1682
412	1549
412	3755
413	3637
413	3781
413	4721
413	4985
414	2790
414	4514
415	811
415	836
416	691
416	1234
416	2830
418	1360
418	3560
418	4166
419	1892
419	3046
420	698
420	1238
420	1854
420	2086
420	2264
420	2562
421	1872
421	2609
423	1348
423	3331
423	3860
424	1507
424	1801
424	2081
424	3289
424	4484
425	651
425	838
425	1639
425	2647
425	2744
425	4783
426	1114
426	2144
427	2322
427	3454
427	3976
427	4967
428	1032
428	2667
429	3201
430	2660
430	3679
430	4688
431	619
431	691
431	846
431	1597
431	3473
431	4756
432	1127
432	2752
433	2854
433	3091
433	3113
433	3569
434	2337
435	2942
435	3765
435	4870
436	860
436	1378
436	2356
436	2636
436	3326
436	4336
437	4436
438	2001
439	790
439	3342
439	3613
440	1411
440	2089
440	2138
440	3516
440	4203
440	4233
441	596
441	1729
441	1881
441	2410
441	3260
441	3543
442	1039
442	3956
443	1319
443	1908
443	3939
444	872
444	1030
444	1746
444	2082
444	2920
444	3854
445	725
445	765
445	2097
445	2486
445	4112
446	1249
446	2528
446	4061
447	4891
449	1179
449	2907
449	3344
449	3779
449	4083
450	777
450	4519
451	4354
451	4680
452	1559
453	822
453	1035
454	1391
454	1617
454	1725
454	2880
455	901
455	4050
455	4328
456	3200
456	4003
457	587
457	2254
457	3055
457	3119
457	4052
457	4458
458	4250
458	4798
459	4030
460	2505
461	1114
461	1861
462	3038
462	4665
463	1031
463	1857
463	3226
464	522
464	1131
464	3609
465	1478
465	2994
465	4898
466	577
466	2100
466	4212
466	4253
466	4590
467	1869
467	2530
467	3939
468	4885
469	551
469	565
469	1477
469	1935
469	2236
469	2286
470	527
470	551
470	1576
471	1395
471	2926
471	4697
472	974
472	2572
472	3993
472	4762
473	3366
473	3517
474	1668
474	3078
474	4370
475	537
475	2311
475	4829
476	768
476	4475
477	2135
478	1327
478	2897
478	3347
479	773
479	1681
479	4797
480	2890
480	3363
480	4357
480	4659
481	1654
481	1833
481	3654
482	3669
483	660
483	3826
483	4468
484	2593
484	3523
484	3687
485	1484
485	1866
485	2250
486	509
486	2192
486	2986
486	3341
487	1135
487	1327
487	2315
488	2206
488	3950
489	1959
489	2738
490	2393
490	3920
491	2738
491	3030
491	3289
491	4085
491	4417
492	1892
492	2238
492	2808
492	2917
492	3660
492	3996
492	4031
493	2647
495	1891
496	2563
497	2258
497	3277
498	2631
498	2915
500	2254
500	3622
501	1059
502	803
502	2771
502	2791
502	3119
502	3809
502	4518
503	1318
504	3792
505	800
505	4795
506	959
506	1043
506	1206
506	1990
506	4283
507	751
507	1739
508	806
508	3628
509	1793
509	2058
510	583
510	1053
510	1630
510	3407
511	731
511	749
511	4216
512	2579
512	2674
512	3132
513	1201
513	3836
513	3885
514	2693
514	3271
514	4731
515	4216
515	4257
515	4417
515	4778
516	2127
516	2624
516	3920
516	4409
517	1004
517	1684
517	3966
517	4367
518	1695
518	2178
518	2198
518	2208
518	2209
518	2680
519	1409
519	2771
520	2476
520	2604
520	4542
520	4636
521	1845
522	1213
523	3179
523	4785
526	3743
526	4310
527	1928
527	2512
527	3290
528	4336
528	4871
528	4951
529	3929
529	4544
529	4921
530	3940
531	660
533	2997
533	3358
535	633
535	692
535	1259
535	2417
535	3120
535	4342
536	1696
536	2766
536	3059
536	3118
536	4466
537	1283
537	1778
537	3392
537	4920
538	2733
538	2979
538	3366
539	1652
539	2391
539	2527
539	2639
540	735
540	997
540	4904
541	2727
541	4027
542	929
542	4253
543	957
543	2492
544	1450
544	4105
544	4735
545	2183
545	2334
545	2818
545	4239
546	1385
546	3771
547	1606
547	4112
547	4633
548	3348
548	4296
548	4872
549	709
550	739
550	1016
550	1952
550	4145
550	4402
550	4597
551	1690
551	2451
551	4503
552	705
552	1947
552	3469
552	4126
553	941
553	1074
553	2666
554	953
554	2717
554	2870
555	1048
555	1806
555	2810
556	3459
557	1193
557	1806
557	1819
557	2044
558	2221
558	3592
559	1307
559	1839
559	2483
559	3310
559	4840
559	4843
560	676
560	3493
561	1079
561	3553
561	4944
563	1644
564	3163
564	4973
565	806
565	2023
565	2600
566	917
566	1084
566	1796
566	1938
566	2335
566	2343
566	2422
566	4195
566	4251
566	4285
567	3336
567	4494
568	1747
568	2899
568	3319
568	3588
568	3628
569	1215
569	1828
570	2184
571	2172
571	2852
571	3771
572	1232
573	677
573	4295
573	4993
574	2582
575	4251
575	4697
576	1239
576	3846
577	1611
578	2664
579	1807
580	2199
580	4377
581	1166
581	1361
581	1731
581	1954
581	2882
581	3102
581	4843
582	804
582	1970
582	2747
582	3194
582	3805
583	761
583	3396
584	1538
584	1641
584	1752
584	1933
584	4986
585	3955
586	1059
586	1330
586	2512
586	3626
586	3720
587	825
587	952
588	1777
588	1975
588	3792
588	4905
589	3425
589	4285
589	4943
590	2737
590	3771
590	3889
591	1329
591	1718
591	4103
592	1314
592	2637
593	876
593	2354
593	3169
593	4622
594	1347
594	2051
594	2591
595	950
595	3734
595	3772
597	4814
598	2294
598	3309
598	4406
599	4468
600	3153
601	759
601	2506
602	690
602	3585
603	3376
603	4819
604	617
604	685
604	1063
604	1214
604	1906
604	2063
604	2202
604	2332
605	2079
605	2339
606	4833
607	1482
607	4036
607	4450
608	1364
608	3663
608	4353
609	1268
609	2916
610	1278
610	4996
611	3099
611	3896
611	4015
611	4604
611	4936
612	2880
612	4532
613	860
613	1702
613	3355
614	1632
614	3121
614	4433
615	2230
615	4965
616	3394
616	3414
617	2901
617	4660
617	4674
618	3488
620	1531
621	732
621	816
621	972
622	826
622	1722
622	2036
624	2374
624	2759
624	4299
624	4572
625	783
625	948
625	3622
626	1312
626	2096
626	2294
627	1228
627	1995
627	2485
628	2326
628	2568
628	3499
629	1388
629	2341
629	3204
629	4148
630	653
630	1778
630	1894
630	2606
630	3674
630	4038
630	4095
631	3211
631	3624
631	4165
632	3925
632	4366
632	4912
633	855
633	3889
633	4236
634	2279
634	2945
634	4882
635	1325
635	3669
635	4421
636	1089
636	1583
637	888
637	891
637	2207
637	2946
637	3104
637	3376
638	4014
639	1748
639	2101
639	2236
639	2345
639	3906
640	2754
640	4641
641	722
641	2153
641	2403
642	2044
642	2246
642	2842
643	2320
643	3074
643	4601
644	1977
644	2085
644	3137
644	4072
644	4301
644	4761
645	1348
645	1756
646	1365
646	3267
646	3761
646	4188
647	2659
647	3293
647	4912
648	3072
649	1661
649	4710
650	1823
650	1921
650	4224
651	1595
652	878
652	2623
652	3227
652	3918
652	4280
652	4917
653	1693
653	2522
653	3836
653	4341
654	2341
654	3966
655	754
655	2787
655	3824
656	1590
656	2773
657	2234
657	2355
657	4409
658	881
658	1437
658	2646
659	1565
659	1824
659	4105
659	4239
660	1988
661	1419
661	4802
662	1208
662	4705
663	2037
664	2878
665	971
665	1800
665	2920
666	683
667	822
667	1406
667	1635
668	853
668	1032
668	2635
669	2295
669	2973
670	954
670	1678
670	2029
670	3001
670	3806
671	1174
672	836
672	3596
673	1079
673	1946
673	3709
675	1641
675	4419
676	1097
676	3809
677	3886
677	4477
678	3586
678	4144
678	4932
679	1726
679	1877
679	1913
679	3056
679	3110
679	4462
680	4377
681	3124
681	4793
682	948
682	1174
682	1211
682	4799
683	3934
683	4735
683	4971
684	1195
684	1333
684	2780
684	4975
685	1725
685	3886
685	4864
686	828
686	2581
687	1125
687	1805
687	4849
689	3463
689	4277
690	1052
690	2179
690	2634
690	3477
690	4063
691	2829
691	3934
691	4598
692	1396
692	4945
693	2093
693	3049
693	4682
694	917
694	2502
694	3686
695	778
695	1225
695	3596
695	4021
696	3201
696	3358
696	3775
696	4543
698	1736
698	3949
698	4776
699	4132
700	2783
700	3291
700	4494
701	2363
702	1635
702	1652
702	2226
702	4216
702	4774
702	4891
703	1119
703	2339
703	4393
704	2409
704	2442
705	1783
705	2629
705	3422
705	4116
705	4325
706	1311
706	1944
706	2115
707	1938
708	1174
708	2716
708	4607
710	1595
710	1997
710	3535
710	4936
711	781
711	2167
711	2342
712	2718
712	4787
713	3547
714	1610
714	4047
714	4824
715	799
715	2761
715	3925
716	2513
716	3165
716	4199
717	3826
717	4056
717	4269
718	1736
718	2596
719	4089
719	4629
720	4720
721	1849
721	2577
721	2992
722	4454
723	2834
723	3560
724	4914
725	781
726	768
726	1132
726	3788
726	4116
726	4753
727	2222
727	4345
728	1599
728	3866
729	1626
729	2667
729	3257
729	3499
730	869
730	1327
730	2828
730	3366
730	4999
731	1649
731	2111
731	4115
732	756
732	3434
732	4391
733	4072
733	4488
734	3132
734	3206
734	3595
735	3012
735	4116
735	4282
736	1497
737	4600
738	1612
738	1918
738	3827
739	1692
739	1784
739	1832
740	1645
740	4228
740	4338
741	1009
741	2351
741	2816
741	4301
742	1778
742	2166
742	2680
743	3699
744	1257
744	1864
744	4001
745	2150
745	2667
746	1009
746	1422
746	4659
747	1838
749	3105
750	1092
750	2934
750	4405
750	4472
751	2550
752	1004
752	2048
752	2548
752	3846
752	4260
752	4418
753	968
753	2262
753	2670
754	1235
754	2527
754	3041
754	4003
754	4407
755	1631
755	1652
755	2009
755	4491
756	966
756	4703
757	814
757	1511
757	3260
758	1683
758	1892
758	3719
759	1355
759	4956
760	1815
760	4042
761	2245
761	3202
761	3522
761	4373
762	1070
762	1592
762	3224
762	3322
763	4954
764	1309
764	1384
764	3483
765	1173
765	3616
766	4063
767	4200
767	4371
767	4779
768	989
768	1227
768	1729
768	3472
768	4542
769	1411
769	2393
769	2482
769	3731
769	4631
769	4705
770	3913
770	4012
771	3461
771	3621
771	4740
772	1012
772	1859
772	2545
772	4538
773	890
773	1218
773	1733
773	3285
773	4340
773	4695
774	3815
775	948
775	2697
775	2951
775	3436
775	4398
776	1596
776	2708
776	4198
777	876
777	3559
778	1020
779	4231
780	2053
780	2376
780	2656
780	2969
781	2519
781	2890
781	4700
782	797
782	1453
783	1817
783	2040
783	4522
783	4641
783	4826
784	1553
784	1704
784	2081
785	1083
785	3602
785	3965
786	2344
786	2428
786	3054
786	4297
787	1787
788	3189
788	4404
788	4802
789	2843
789	4382
790	4269
791	2525
791	3378
791	3889
792	2250
792	3278
792	4587
793	3331
794	1680
794	3147
794	3187
795	1791
795	2010
795	2370
795	3873
795	3979
795	4436
795	4464
796	1228
796	1576
796	4422
797	1820
797	4924
798	4173
798	4226
799	1066
799	1679
799	3963
800	4693
800	4843
802	2658
802	4461
803	2211
804	2247
804	2707
804	2844
805	813
805	1863
805	3944
806	1122
806	3147
807	1010
807	2036
807	4320
808	1359
808	2578
808	3632
809	2400
809	3985
809	4832
810	2448
810	2790
811	1299
811	1916
811	3424
811	3870
811	3879
812	1742
812	2243
812	3457
812	3541
812	4455
813	1769
813	3837
814	999
814	2509
814	3164
814	4104
814	4648
815	4009
815	4575
816	2836
816	3012
817	3103
817	3938
818	2210
818	2235
819	824
819	2972
819	3106
820	1363
820	3159
820	4113
821	3769
822	3543
824	1322
826	3496
827	2343
827	3333
828	988
828	1226
828	3179
828	3372
828	3395
829	980
829	1005
829	2211
829	3163
829	3552
829	3780
829	4298
830	1823
830	4385
831	1260
831	3874
831	4071
832	994
832	3456
832	3469
833	2848
833	3649
834	1080
834	1614
835	2236
836	2241
836	4310
836	4349
836	4743
836	4975
837	2240
838	2650
838	3897
839	4720
840	1638
840	2637
840	2642
840	3261
841	3711
842	3369
842	4879
844	1508
844	2565
844	3172
845	1454
845	1841
845	3201
846	924
846	1708
846	1841
846	2898
846	3174
846	3532
847	1342
848	4570
849	1328
849	2572
849	3805
850	1161
850	2196
850	4606
850	4947
852	1279
852	2595
852	2861
852	3426
853	1044
853	2879
853	3906
853	4043
854	3738
854	4104
855	874
855	3955
855	4334
857	4761
858	1176
858	3777
859	3075
860	3427
860	4546
862	3196
862	4576
863	1287
863	2669
864	3968
864	4176
865	4204
866	2581
867	2399
867	2575
869	4756
870	4831
870	4899
872	3171
872	4056
872	4699
873	1309
874	1661
874	2683
875	1847
875	3180
876	4435
877	1369
877	1483
877	2841
878	3551
878	4081
878	4147
879	1516
879	1824
879	3765
879	3959
880	1943
880	1975
880	2891
880	4017
880	4625
881	1121
881	4944
883	945
883	3827
884	3078
884	4757
885	2237
885	4552
886	2261
887	1581
887	2128
888	2342
888	2350
888	3779
889	1338
889	1905
889	4254
889	4314
889	4952
890	3399
891	2352
891	2416
891	3499
892	2404
892	4799
893	3157
893	4558
893	4666
895	1118
895	1236
895	2319
896	2682
897	1448
897	1853
897	2041
898	3626
899	2241
899	3401
900	2646
901	1314
901	2959
901	3883
901	4784
903	4682
904	4169
905	2679
905	3056
905	3940
905	4104
905	4482
906	1371
906	3244
906	3824
906	4283
906	4722
907	2287
907	3917
907	4893
908	2434
908	3707
908	4930
909	1004
909	2095
909	2383
909	4492
910	1195
910	3161
911	4859
912	2895
913	4014
913	4075
914	1255
914	1766
914	3109
914	3431
914	4281
915	2906
915	3886
916	1057
916	1485
916	2050
916	4351
916	4972
917	3668
917	4330
917	4385
917	4985
918	2631
918	2634
918	4580
919	2611
921	1196
921	4935
922	3275
922	3326
922	3349
923	1005
923	1313
924	1627
924	2886
925	1793
925	3136
925	4939
926	3751
926	3791
926	4631
927	1278
927	1431
927	2005
927	3436
927	4264
928	2137
928	4017
929	2176
929	2590
929	3165
929	4398
931	1791
931	1797
931	1882
931	4044
933	2710
933	3615
933	4527
934	941
934	1109
934	4205
934	4629
934	4770
935	1188
935	1624
935	2803
936	1828
936	2232
936	2447
937	2758
938	1613
938	1750
938	2273
939	1800
939	4546
940	3324
940	3613
940	4468
941	3405
942	1457
942	1839
942	2857
942	4020
943	2968
943	3108
943	3730
944	1006
944	1731
944	3273
945	2481
945	2849
946	2279
946	2648
946	3168
946	3610
947	1292
947	1647
947	1768
947	2716
947	3225
947	4311
947	4994
948	2414
948	2926
948	4483
949	1207
950	1668
951	1646
952	4212
953	1038
953	1096
953	3377
953	3671
954	1445
954	4146
955	2801
955	4200
956	3424
956	4457
956	4818
957	3895
958	1788
958	1855
958	2563
958	3021
958	4714
959	2609
960	1616
960	4779
961	2329
961	2606
961	3704
961	3786
962	2610
962	3081
963	1106
963	2561
963	3791
963	4362
965	2361
966	1317
966	3501
966	4757
968	2051
968	2773
970	1029
970	2332
970	2358
970	3239
970	3729
970	4105
970	4255
971	2714
971	3531
971	4158
972	1068
972	1536
973	2190
973	3261
974	1079
974	1174
974	2758
974	3645
975	1419
975	1839
975	4250
976	4184
977	2976
978	2382
979	1962
979	3723
979	4460
979	4999
981	2766
981	3269
981	4761
982	1707
982	4076
983	1125
983	2984
983	3313
984	2731
985	1663
985	2537
985	3466
985	4675
985	4711
986	2324
986	2397
987	1398
987	1592
988	1732
988	1844
988	2097
988	3772
989	2269
989	2511
990	3344
990	3491
990	3767
990	4676
991	1001
991	1021
991	1185
991	1625
991	3198
991	3501
992	1284
992	1609
992	3306
992	4636
993	4046
994	4129
995	1964
995	2393
995	3353
996	2307
996	2885
996	3342
997	2069
997	2072
997	4636
998	4186
999	1645
999	2393
999	3656
999	4529
999	4761
1001	1411
1001	2885
1001	3280
1001	3606
1002	4244
1004	2316
1004	4460
1005	1263
1005	2005
1005	3938
1006	2963
1007	1020
1007	1724
1007	2280
1007	2297
1007	4033
1008	2155
1008	3002
1008	4252
1008	4769
1009	4359
1010	2327
1010	2784
1011	1034
1011	4852
1012	1648
1012	1754
1012	2189
1013	1698
1014	2903
1014	4574
1016	4631
1017	2088
1017	3343
1018	2304
1018	2477
1018	3674
1018	4202
1019	1263
1019	1410
1019	2703
1020	3388
1020	3686
1020	3758
1021	1903
1021	2254
1021	2569
1022	2103
1023	4828
1023	4997
1024	2094
1024	3427
1025	2179
1026	3917
1027	1065
1027	3131
1027	4095
1028	2090
1028	2641
1028	3890
1029	4412
1030	1550
1030	2013
1030	2043
1030	2450
1030	3264
1031	1469
1031	3591
1032	1443
1032	1460
1032	2268
1032	2286
1032	3844
1033	2911
1034	3558
1034	4034
1034	4471
1035	4632
1036	1903
1036	4959
1037	1124
1037	2207
1037	4346
1037	4587
1038	1515
1038	2312
1038	2630
1039	3766
1039	3892
1039	4908
1040	2886
1040	4544
1041	1521
1041	2462
1041	4457
1042	1586
1042	2256
1043	1272
1043	3828
1044	2699
1045	2484
1045	2672
1045	4992
1046	3090
1047	4605
1047	4776
1048	4183
1049	1142
1049	1575
1050	2211
1050	2539
1050	3531
1050	4222
1050	4424
1050	4534
1051	3597
1051	3844
1052	1904
1052	4622
1053	1984
1053	4249
1054	1674
1054	2080
1054	2096
1055	4976
1055	4994
1056	1641
1056	2790
1056	4202
1057	4512
1060	1321
1060	1594
1060	1863
1061	1687
1061	2289
1061	3804
1062	3747
1063	2045
1063	2053
1063	3818
1063	3916
1063	4368
1064	3302
1065	1176
1065	1776
1066	1924
1066	3372
1067	4360
1068	2366
1068	4940
1069	2578
1070	1454
1070	1474
1070	1598
1071	2616
1071	2980
1072	1164
1072	1420
1072	3545
1072	3993
1073	2262
1073	3204
1073	4462
1074	1101
1074	1782
1074	2111
1074	2248
1074	2690
1074	3684
1075	1637
1075	3621
1076	3158
1076	3216
1076	3380
1076	3542
1077	3280
1077	3908
1078	2901
1078	3040
1078	3387
1078	3649
1078	4565
1079	1369
1079	2120
1079	2605
1079	4498
1080	1152
1080	1862
1080	3844
1080	4283
1081	2229
1081	3888
1082	1448
1082	2435
1083	2370
1083	4213
1084	2906
1084	3624
1085	3361
1085	4994
1086	1535
1086	3219
1087	1430
1087	1704
1087	3960
1087	4464
1088	1390
1088	3302
1089	1333
1089	1373
1089	2519
1089	4604
1091	1534
1091	4195
1093	2969
1093	3027
1093	4332
1094	1256
1094	2237
1094	2479
1095	4263
1096	2927
1096	3164
1096	4476
1097	3590
1097	3736
1097	3973
1097	4112
1097	4353
1098	1674
1098	2652
1098	3958
1099	1104
1099	1503
1099	1668
1101	2832
1101	2846
1101	3865
1102	2886
1102	3550
1103	2764
1103	3542
1104	2902
1104	4243
1106	4828
1107	3481
1108	1519
1108	1591
1108	3518
1108	4644
1110	1742
1110	2565
1110	4174
1111	3488
1112	2371
1113	2357
1113	2445
1113	2567
1113	3603
1114	4559
1115	1152
1115	2860
1115	4349
1116	1622
1116	3624
1116	4915
1116	4958
1117	1836
1117	2814
1117	3857
1118	3418
1118	3686
1118	3835
1118	4006
1118	4397
1119	1312
1119	1382
1120	1853
1120	3858
1120	4565
1121	4969
1123	2742
1123	3570
1124	1137
1124	1442
1124	1749
1124	3589
1124	3857
1124	4055
1125	2211
1125	3218
1126	1407
1127	1468
1127	1993
1127	2008
1127	3285
1128	2595
1128	3057
1128	3624
1129	2799
1129	3114
1130	1594
1130	1615
1130	2592
1130	2652
1131	1776
1132	4640
1133	1157
1133	2044
1133	3378
1133	3854
1135	1828
1135	2442
1135	3065
1135	3451
1135	3942
1135	3993
1135	4591
1136	3502
1136	3855
1136	4681
1137	2117
1137	4619
1138	2186
1138	4779
1139	1716
1139	2291
1140	4186
1141	1148
1141	2911
1141	3549
1141	4018
1141	4186
1141	4392
1142	2245
1142	3230
1142	3818
1143	2146
1143	2913
1143	3432
1144	2100
1144	2552
1144	4543
1144	4734
1145	1368
1145	3429
1145	4997
1146	3655
1146	3883
1147	1800
1147	2232
1147	3969
1148	3903
1148	4918
1149	1207
1149	4287
1150	4290
1151	3768
1151	4853
1152	4597
1152	4976
1153	2019
1153	4435
1153	4778
1154	4525
1154	4962
1155	2565
1155	3804
1155	4642
1156	2051
1156	3244
1156	3267
1156	4462
1156	4482
1156	4675
1156	4972
1157	1411
1157	1551
1157	3467
1157	3945
1158	3095
1159	2045
1160	2009
1160	3916
1160	4914
1161	2799
1161	4033
1161	4512
1161	4703
1162	2473
1162	3529
1162	3695
1163	2454
1164	1680
1164	4895
1165	1817
1165	4211
1165	4344
1165	4417
1166	1895
1166	3125
1166	4009
1168	3386
1168	3584
1169	3984
1170	2010
1170	4147
1170	4369
1171	3431
1171	4071
1171	4293
1171	4494
1172	1716
1172	4350
1173	2804
1173	3337
1174	1253
1174	2332
1174	2516
1174	4248
1174	4634
1175	1776
1175	1985
1175	2385
1176	2197
1176	2684
1176	4268
1177	1954
1177	3846
1178	3070
1178	3116
1178	4810
1179	2138
1180	3073
1180	4334
1181	2305
1181	2701
1182	1925
1182	3695
1183	2816
1183	2821
1184	1966
1184	3115
1184	3360
1184	3937
1184	4706
1186	1230
1186	1951
1186	2730
1187	2342
1189	1663
1190	3106
1190	3299
1191	1789
1191	1849
1191	2244
1191	4958
1192	1576
1192	1594
1193	3631
1194	1462
1194	2057
1194	2113
1194	2519
1194	3213
1194	3354
1194	4192
1194	4259
1195	1288
1195	1303
1195	1699
1195	2428
1199	1439
1199	3457
1200	1287
1201	2470
1201	3601
1202	1223
1202	1997
1202	3451
1203	1699
1203	4430
1204	1614
1204	1829
1204	3819
1204	4741
1205	1778
1205	3069
1206	2778
1206	2826
1206	3835
1206	4114
1207	1280
1207	2334
1207	2969
1208	1511
1208	2814
1208	3344
1209	2461
1209	3222
1210	1693
1210	2617
1210	4944
1211	1228
1211	2530
1211	2917
1211	4416
1211	4543
1211	4598
1212	3476
1212	3580
1212	4322
1213	1625
1213	4739
1214	1371
1215	3754
1216	1488
1216	1494
1216	1518
1216	1923
1216	3085
1216	3921
1216	4603
1217	4498
1218	2501
1218	3770
1219	3950
1220	3488
1221	4268
1222	3375
1222	4317
1222	4759
1224	2204
1224	3101
1224	3661
1226	3848
1226	4451
1227	1636
1227	2212
1227	2643
1227	3134
1228	1334
1228	1455
1229	3187
1230	1419
1230	4808
1231	1997
1232	3895
1233	1927
1233	2769
1234	2208
1235	1374
1235	2388
1237	1966
1237	3991
1238	1567
1238	2284
1238	2336
1238	2713
1238	4708
1238	4824
1239	3787
1239	3894
1239	4513
1240	1486
1241	3295
1241	4798
1242	2913
1242	3617
1243	2176
1243	2565
1243	2651
1243	3082
1243	3388
1244	2909
1245	2188
1245	2368
1246	3857
1247	1993
1247	4486
1248	1536
1248	2745
1248	4666
1249	2019
1249	4507
1249	4803
1250	1523
1250	3947
1251	2603
1251	4361
1252	3595
1252	3963
1253	3865
1253	3876
1254	4123
1255	3985
1255	4927
1256	1813
1257	3366
1257	3449
1258	3099
1260	3570
1260	4276
1261	3897
1262	3073
1263	3479
1264	1390
1264	4071
1265	1796
1265	2398
1265	3710
1265	3933
1266	4823
1267	1513
1267	1956
1267	4651
1268	3373
1268	3639
1268	3993
1268	4550
1269	3674
1270	1844
1270	2745
1270	4136
1270	4193
1270	4591
1271	2042
1271	3307
1271	3332
1271	3811
1271	4655
1272	4018
1272	4216
1272	4981
1273	2432
1273	4998
1274	2856
1274	3238
1275	1940
1275	2127
1275	2511
1275	2599
1276	4212
1277	2405
1277	3023
1277	4703
1278	3676
1278	3816
1278	4528
1279	1511
1280	1511
1280	1969
1280	2763
1280	4612
1282	3498
1283	2173
1284	3622
1284	4540
1285	2359
1285	2708
1285	3440
1286	1312
1286	2672
1286	3552
1287	3380
1287	3474
1287	3758
1287	3968
1287	4053
1288	3872
1288	4299
1288	4651
1289	1405
1289	2394
1289	2837
1289	4867
1290	1982
1290	3032
1291	1955
1291	2080
1291	2475
1291	2829
1291	4938
1292	2951
1293	4639
1293	4750
1294	1945
1294	2450
1295	2519
1296	2000
1296	2140
1296	4177
1296	4300
1296	4951
1297	1568
1297	2870
1297	2881
1297	3035
1297	3867
1298	1719
1299	1798
1299	4737
1300	3430
1301	3323
1303	3636
1303	4759
1304	1958
1304	4532
1305	3989
1306	2308
1307	3503
1308	1912
1308	3529
1309	1857
1309	3182
1309	3487
1310	1993
1310	4593
1311	2956
1311	3953
1312	2285
1313	1849
1313	2956
1313	3566
1313	3647
1313	3888
1314	4764
1315	1596
1315	2407
1317	1441
1317	2815
1317	2944
1318	4098
1318	4384
1319	1931
1319	3138
1320	1377
1320	1434
1320	2801
1320	4487
1321	1977
1321	3458
1321	3730
1321	3900
1322	1964
1322	4946
1323	4529
1324	1719
1324	2683
1324	4450
1324	4851
1325	4163
1326	2035
1326	3368
1327	2838
1327	3167
1327	3512
1327	4147
1328	2209
1328	2618
1330	2356
1330	4105
1331	4956
1332	2702
1332	4659
1333	2710
1334	2240
1334	3112
1334	3442
1334	3774
1335	2676
1335	4040
1335	4146
1335	4982
1336	1368
1336	4754
1337	3169
1338	3198
1338	3371
1339	1966
1340	1459
1340	1680
1340	2531
1340	4522
1342	1813
1342	2268
1342	4481
1343	1567
1343	2249
1343	4541
1344	3261
1345	2147
1345	3250
1346	1591
1346	3339
1346	3396
1347	3186
1347	4869
1348	1858
1348	3562
1348	3653
1348	4679
1349	2254
1351	1492
1351	3747
1352	4672
1352	4744
1353	1364
1353	1821
1353	3825
1353	3945
1354	4140
1354	4371
1354	4994
1355	2846
1355	2887
1356	2373
1356	3637
1357	3559
1357	3670
1357	4235
1358	4397
1360	2945
1360	3131
1360	3157
1362	2467
1362	4348
1363	2304
1363	3516
1363	4126
1363	4813
1365	2030
1365	3175
1365	3404
1365	4182
1365	4999
1366	3178
1366	4550
1368	3870
1368	4544
1370	1878
1370	4850
1371	2931
1372	1782
1372	3070
1373	2402
1373	3290
1374	1916
1374	2588
1374	2846
1375	2020
1376	2676
1376	4207
1377	3150
1377	4000
1378	1432
1379	1679
1379	2064
1379	4306
1380	2869
1380	4465
1381	2807
1382	3132
1382	3268
1382	4263
1382	4730
1383	2653
1383	3818
1383	4862
1383	4977
1384	3002
1384	4393
1385	1529
1385	3493
1385	3542
1386	3031
1386	3853
1386	4451
1387	3703
1388	1609
1388	3665
1389	2687
1389	4634
1390	2293
1391	2828
1391	3320
1391	3771
1391	4117
1393	3525
1394	1615
1394	1861
1394	4081
1394	4228
1394	4705
1395	4910
1396	1552
1396	3599
1397	3169
1398	1589
1399	2942
1399	2989
1399	3261
1399	3430
1401	1971
1401	2308
1403	1507
1403	1549
1403	3649
1403	3786
1404	2622
1404	3574
1406	3400
1406	3931
1406	4829
1407	2046
1407	2636
1407	3635
1407	3954
1408	4150
1409	3190
1409	3831
1409	4657
1410	1757
1410	2602
1411	2554
1412	1889
1412	2880
1412	4333
1412	4714
1412	4758
1413	2383
1413	4841
1413	4965
1415	1744
1416	2726
1416	3279
1416	3836
1417	1451
1417	2765
1417	3355
1417	3602
1417	4681
1418	1484
1418	3964
1419	2117
1419	4245
1420	1527
1420	2411
1420	3108
1421	2522
1421	4953
1422	2771
1422	3154
1422	4325
1423	2434
1423	2893
1423	4428
1423	4564
1424	3923
1425	3510
1426	2396
1427	4665
1428	3087
1428	3198
1428	4928
1429	1513
1429	2007
1429	4770
1430	1601
1431	1909
1431	2804
1432	1613
1432	3283
1432	3309
1432	4390
1433	2663
1433	4085
1434	1686
1435	2738
1436	2729
1436	2920
1436	3076
1436	4499
1437	2111
1437	2379
1437	4135
1437	4949
1438	1734
1438	1872
1440	1455
1440	2518
1440	3496
1440	3548
1441	2477
1441	3638
1442	2754
1442	3500
1443	2637
1444	2933
1445	1851
1445	2270
1445	2929
1445	3850
1445	4145
1446	3516
1447	2219
1447	2413
1447	2841
1447	4933
1448	1568
1448	3747
1449	2579
1449	3958
1449	4495
1453	1497
1453	1853
1453	2467
1453	3849
1453	4785
1454	1982
1454	4178
1454	4802
1455	1891
1455	3173
1455	4512
1456	3920
1456	4737
1457	1470
1457	2942
1457	3226
1458	3649
1458	3915
1459	1674
1460	2050
1460	4020
1461	3156
1461	4470
1461	4486
1462	2027
1462	4175
1462	4351
1463	1884
1463	3354
1464	1609
1465	2739
1465	4353
1465	4769
1465	4915
1466	3932
1467	2561
1467	3535
1468	2861
1468	3018
1468	4944
1468	4976
1469	3496
1469	4244
1470	1862
1470	3184
1471	2013
1472	2625
1472	3754
1473	1998
1473	3507
1475	2313
1475	2470
1475	3285
1476	2177
1476	2497
1476	4586
1476	4684
1477	3502
1478	2384
1478	2850
1478	3626
1478	3691
1480	3675
1480	4250
1480	4490
1481	2054
1481	2475
1483	2851
1484	3675
1485	4956
1486	4545
1486	4688
1487	1843
1487	4083
1487	4361
1487	4459
1491	3085
1491	3217
1491	3535
1491	3993
1491	4975
1492	3335
1493	2837
1493	2893
1494	1684
1494	1864
1494	2292
1494	3043
1494	3313
1495	3245
1496	2206
1496	2285
1496	2966
1496	4171
1497	1498
1497	1830
1498	1627
1498	2795
1498	4616
1499	3071
1499	3311
1499	4917
1500	2016
1500	2028
1500	2197
1500	2836
1500	4519
1501	4091
1502	3114
1502	3465
1503	1721
1503	2756
1503	2943
1503	3771
1504	2251
1504	2894
1504	3660
1504	3728
1504	3976
1506	2828
1506	3201
1507	2008
1507	4431
1507	4786
1508	2682
1510	1998
1510	2719
1510	3445
1510	3536
1511	3494
1511	3846
1511	4463
1511	4918
1512	1663
1513	4085
1513	4266
1515	1821
1515	2068
1515	3095
1515	4243
1516	2863
1516	4427
1517	2530
1518	4380
1518	4517
1519	1588
1519	3057
1520	2218
1521	2131
1521	2318
1521	4341
1522	2506
1522	2725
1522	2732
1522	3009
1522	3408
1523	2267
1523	2608
1524	1623
1524	4750
1524	4856
1525	4794
1526	2486
1526	2999
1526	4660
1527	2880
1527	3665
1529	2065
1529	4054
1530	2547
1530	3370
1531	3551
1531	3672
1532	2190
1532	2260
1532	3493
1532	3788
1533	3599
1533	4690
1534	4952
1535	2722
1535	3112
1536	2462
1536	3908
1537	2638
1537	3059
1537	3279
1538	2944
1539	2756
1539	3207
1539	4203
1540	2053
1540	3161
1541	2065
1542	2501
1542	4545
1543	1860
1543	3508
1543	4447
1544	1615
1544	2509
1544	3276
1544	4818
1545	1597
1545	1664
1545	4272
1546	1956
1546	2476
1547	3598
1547	4133
1549	2740
1549	2999
1549	4591
1550	2759
1550	4745
1551	2596
1551	3034
1551	3329
1551	3788
1552	3559
1553	3634
1555	2577
1555	4573
1556	3806
1556	4625
1557	2923
1557	4253
1557	4659
1557	4750
1558	2444
1558	2866
1558	4610
1559	2214
1559	4843
1560	4414
1560	4570
1561	1941
1561	3922
1562	3624
1563	2106
1563	2651
1563	3408
1564	1870
1565	1795
1565	1952
1565	2266
1565	4146
1566	1855
1566	2966
1566	3619
1567	3796
1568	1652
1568	2302
1568	3375
1569	1935
1569	2262
1569	2369
1569	4171
1571	4719
1572	3078
1572	3588
1573	4018
1574	1670
1574	3689
1575	4481
1576	1994
1576	4697
1576	4820
1577	3194
1579	2799
1579	4946
1580	3093
1580	3329
1580	4202
1583	3074
1584	1648
1584	4305
1585	3047
1586	2810
1586	4600
1586	4974
1587	3936
1587	4954
1588	1631
1589	3195
1589	4317
1590	1883
1591	2511
1592	3693
1593	1923
1593	2048
1593	4902
1594	3261
1594	4618
1596	1973
1596	3443
1597	2327
1597	2621
1597	3444
1599	3469
1600	2910
1600	4013
1601	1833
1601	2196
1602	1787
1602	2900
1602	3829
1602	4455
1603	1854
1603	2970
1605	2197
1605	2927
1606	3364
1608	1814
1608	2905
1608	3733
1608	3814
1608	4499
1609	3673
1609	4090
1610	4117
1610	4979
1611	3537
1612	4412
1614	2069
1614	3930
1615	1775
1615	4363
1616	3133
1617	2244
1618	2167
1618	2235
1618	4738
1619	2740
1619	2938
1619	4953
1620	2288
1620	2355
1620	4559
1620	4787
1622	3088
1622	4689
1624	2652
1624	2958
1624	4733
1625	1631
1625	3553
1626	2549
1626	2871
1627	4776
1628	1692
1628	3588
1628	4145
1628	4303
1628	4350
1629	2998
1629	3546
1630	1802
1630	2992
1630	4953
1631	1857
1631	2164
1631	4935
1633	2742
1633	4322
1634	1732
1634	2924
1634	3756
1634	3775
1634	4178
1635	2165
1635	3943
1636	2237
1636	2616
1636	3261
1637	2083
1637	2430
1637	4580
1638	3371
1639	3950
1640	4723
1640	4929
1642	4789
1643	3349
1644	4911
1644	4949
1645	2542
1645	2585
1645	4162
1647	3554
1648	3255
1648	3476
1648	3977
1649	2766
1649	3109
1649	4179
1649	4820
1652	1999
1652	3361
1652	3487
1653	2799
1653	3187
1654	2321
1654	3530
1654	4651
1656	2512
1657	4978
1658	2188
1658	4911
1659	2097
1659	2156
1659	2842
1659	3084
1659	3941
1660	2799
1660	3381
1660	3711
1660	4117
1660	4351
1661	2256
1661	3533
1662	2656
1662	3921
1662	4220
1662	4445
1663	3157
1663	3962
1664	3201
1664	4690
1665	2244
1665	3513
1665	3778
1665	4542
1665	4660
1666	4226
1667	3646
1667	4521
1668	2341
1668	3143
1668	3765
1669	1814
1669	3466
1669	4384
1670	4986
1672	2941
1672	3036
1672	4638
1672	4767
1673	2713
1674	1809
1674	2463
1674	2884
1674	3161
1674	3935
1674	4549
1674	4611
1674	4716
1675	1690
1676	2589
1676	3035
1676	4337
1677	1994
1677	4425
1678	2962
1678	3977
1681	2049
1681	3412
1681	3606
1682	2224
1682	2973
1682	4346
1683	1948
1683	3053
1683	3064
1684	2583
1684	2872
1684	4185
1684	4516
1684	4759
1684	4829
1686	4541
1687	2557
1687	4685
1688	3106
1689	4818
1690	2202
1690	3330
1690	4522
1691	2930
1691	3424
1692	2222
1693	2059
1693	2148
1693	2480
1694	2362
1695	2437
1695	2933
1696	2785
1696	3494
1696	4049
1697	3620
1697	4416
1697	4739
1698	1784
1698	2555
1698	3362
1698	4007
1698	4875
1699	3361
1700	2040
1700	3798
1700	4263
1700	4935
1701	4135
1702	3970
1703	2514
1703	4853
1704	2615
1705	1733
1707	2129
1707	2186
1707	2609
1708	2831
1709	2415
1709	2743
1709	3225
1710	3053
1710	3457
1710	3532
1710	3599
1710	4515
1710	4546
1711	2264
1711	2616
1711	2810
1712	2403
1712	2477
1712	3136
1712	3656
1712	4860
1713	1933
1713	3056
1714	4015
1715	1883
1715	2235
1715	4337
1716	1738
1716	4100
1716	4322
1718	2282
1719	2433
1719	3685
1721	3032
1721	3188
1721	4920
1722	1800
1722	2054
1722	3400
1722	3986
1724	3903
1726	1865
1726	2252
1726	2707
1726	2852
1727	2834
1727	3022
1727	3048
1729	1968
1729	4496
1730	1756
1730	3898
1731	4296
1732	2577
1732	3589
1732	4290
1733	2846
1733	3088
1733	4917
1734	3095
1734	3542
1734	3583
1735	4375
1736	3036
1736	3706
1736	3954
1737	1825
1737	2742
1737	3610
1738	2363
1738	2503
1738	3886
1738	3892
1738	4006
1739	3548
1740	3471
1741	4087
1741	4485
1742	2427
1743	2661
1743	3643
1744	2958
1744	3157
1745	3309
1745	3784
1746	4000
1746	4855
1747	2733
1747	3202
1747	4462
1748	4518
1749	3055
1750	2846
1750	3969
1751	2705
1751	4786
1752	3476
1753	3277
1754	3418
1754	3935
1755	3189
1755	3715
1755	4216
1757	2108
1757	2217
1757	2627
1757	3042
1757	3326
1757	4917
1759	2085
1759	3736
1759	3912
1759	4621
1760	2454
1760	2559
1760	2962
1760	3299
1760	4625
1761	4582
1761	4772
1763	2001
1763	4852
1763	4862
1763	4990
1764	1989
1764	2397
1764	2487
1764	3417
1765	3957
1765	4241
1766	3014
1766	3215
1767	3121
1767	4656
1768	4387
1769	3377
1770	2243
1771	3008
1771	3440
1773	4114
1774	2362
1774	2566
1775	2527
1776	3643
1776	3730
1776	4583
1777	2807
1778	2261
1778	2556
1778	3426
1779	1803
1779	2110
1780	3360
1780	3763
1780	4871
1781	3561
1782	2292
1782	3787
1782	3897
1782	3904
1783	2929
1783	3020
1783	4210
1784	1988
1784	2646
1784	2737
1784	3483
1785	1975
1785	2460
1785	4556
1786	4187
1786	4541
1786	4907
1787	2011
1787	3034
1787	3720
1788	3392
1789	3091
1789	3745
1789	4634
1790	2508
1790	2703
1790	4816
1791	2892
1791	3118
1792	2428
1792	2599
1793	3954
1794	3055
1794	4326
1795	2496
1795	3228
1795	4287
1796	1992
1796	4466
1796	4964
1797	3268
1797	4264
1797	4843
1799	1844
1799	2272
1799	3114
1800	1806
1800	3031
1801	3154
1801	3467
1801	4334
1801	4462
1802	3350
1803	3485
1803	3950
1803	4033
1805	2252
1805	4483
1806	2022
1806	4704
1808	1899
1808	3283
1809	3218
1810	4993
1811	2055
1811	4343
1812	2907
1812	4228
1813	3735
1813	4403
1813	4890
1814	4306
1815	2478
1815	4052
1815	4107
1816	3805
1817	2139
1817	2894
1817	4523
1817	4756
1818	3147
1819	4086
1820	2513
1820	3187
1820	3288
1822	3908
1822	4505
1822	4763
1823	2909
1823	3058
1823	3222
1823	4016
1824	1897
1824	3432
1824	3512
1825	1841
1825	3937
1826	4211
1826	4952
1827	2242
1828	3675
1828	3800
1828	4708
1829	1969
1829	2075
1829	2416
1829	3807
1830	2403
1831	3995
1832	2444
1832	2878
1832	3673
1832	4838
1832	4966
1834	3591
1836	3455
1836	4746
1837	2710
1837	4365
1837	4651
1839	3137
1839	4969
1840	3221
1840	4153
1840	4792
1841	2800
1842	3562
1844	1941
1844	4238
1844	4273
1844	4849
1845	2173
1845	2283
1845	3103
1845	3537
1847	1855
1847	3471
1847	4460
1847	4854
1848	2960
1848	3908
1850	3177
1850	4235
1850	4289
1851	1856
1851	3420
1851	4070
1853	4041
1854	4126
1856	2838
1857	4362
1858	3222
1858	4808
1859	2071
1859	3143
1859	3586
1860	3129
1860	3658
1860	4536
1861	4784
1862	2939
1864	2641
1864	3544
1864	4813
1865	4487
1865	4773
1868	2525
1868	3913
1869	2620
1869	2882
1869	2977
1869	3023
1869	4495
1870	3750
1871	2403
1871	2634
1871	3314
1872	2992
1872	3697
1872	4097
1873	2362
1873	3893
1873	4182
1874	1959
1875	4647
1876	2038
1877	2660
1877	3272
1877	3478
1877	3982
1880	3453
1881	2135
1881	3812
1881	3984
1881	4548
1882	2271
1882	4962
1883	2801
1883	2940
1883	3579
1883	4861
1884	2887
1884	3798
1885	4794
1886	3167
1887	3821
1887	3934
1888	2912
1889	1988
1890	2380
1890	2566
1892	4671
1893	4287
1894	2113
1894	3547
1894	3741
1895	2855
1895	3132
1895	3685
1895	4858
1896	4104
1897	3177
1897	3428
1898	4175
1898	4995
1899	3011
1900	2945
1901	3493
1901	4644
1902	2014
1902	2191
1902	3020
1902	3254
1903	2470
1903	4637
1905	1978
1905	2105
1905	2575
1905	3218
1906	2996
1906	3811
1906	3960
1907	4174
1908	4098
1909	4252
1910	4365
1910	4830
1911	2118
1913	3221
1914	2555
1914	4096
1916	4058
1917	3825
1918	4514
1919	2203
1919	2291
1919	3620
1919	4296
1919	4951
1920	3237
1920	4490
1920	4775
1921	4174
1922	2791
1922	3172
1922	3826
1923	4428
1924	2428
1924	3089
1925	2129
1925	2969
1925	3953
1926	2807
1926	3115
1926	4325
1927	3465
1928	3975
1929	3265
1929	4330
1930	4827
1931	2380
1931	3193
1931	3441
1931	4500
1932	3162
1932	3723
1932	4383
1932	4810
1933	3177
1934	2003
1935	3582
1935	4623
1936	4093
1937	2901
1937	4565
1938	3922
1939	2219
1939	2883
1939	3605
1939	3771
1940	3441
1940	4943
1942	2290
1942	2591
1943	3434
1943	3614
1943	4971
1944	2640
1944	3289
1944	3408
1945	2652
1945	4246
1947	4317
1948	3952
1948	4702
1949	4291
1950	2617
1950	3001
1950	4750
1951	2278
1951	2576
1951	3788
1951	4731
1953	2839
1954	2805
1954	2937
1954	3282
1955	2231
1955	3114
1956	3151
1956	4532
1956	4583
1956	4639
1957	3189
1957	3803
1959	3147
1959	3594
1959	3719
1959	4541
1960	3013
1960	3375
1960	4284
1961	1969
1961	4851
1962	2528
1962	4856
1963	2723
1963	2764
1963	3439
1965	2140
1965	2310
1965	3933
1967	4568
1968	4032
1968	4189
1968	4702
1969	3210
1969	3522
1969	4018
1969	4579
1970	4497
1972	2458
1972	2792
1972	4254
1972	4360
1972	4505
1973	2143
1973	2544
1973	4275
1974	2513
1974	4543
1975	2432
1975	3005
1975	4071
1976	4028
1977	4707
1978	2856
1978	3604
1978	4086
1978	4807
1979	3723
1979	4565
1980	3456
1981	2008
1981	2238
1981	3891
1981	4547
1982	3703
1983	2924
1983	4022
1985	4227
1986	2653
1988	2057
1988	2351
1988	3322
1988	3393
1988	4490
1989	3591
1991	3223
1992	2448
1992	3241
1993	2036
1993	2507
1994	4342
1994	4766
1994	4837
1996	4662
1997	2306
1997	2662
1997	3953
1997	4993
1998	2174
1999	3618
1999	3648
1999	4414
2000	2166
2000	2239
2000	2776
2000	4644
2003	2366
2003	2482
2004	2304
2004	3498
2006	3926
2007	2919
2009	2239
2009	4603
2010	2020
2011	2674
2011	3144
2013	2336
2013	4151
2014	3186
2015	2505
2015	4706
2016	4181
2016	4588
2016	4959
2018	2886
2018	4597
2018	4986
2019	2536
2019	4241
2019	4955
2020	3208
2020	3805
2021	2652
2021	3312
2022	3412
2022	4178
2022	4295
2023	2832
2025	3809
2026	2363
2027	3917
2027	4163
2028	4617
2029	3617
2030	2378
2030	2492
2031	2180
2031	2865
2031	4833
2032	4268
2033	2453
2034	2145
2034	3305
2034	3407
2034	4879
2035	2332
2035	2345
2035	2695
2036	4173
2037	4247
2038	2093
2039	2076
2039	2694
2039	3757
2039	3813
2039	4209
2039	4484
2040	2366
2040	2579
2040	3883
2040	4555
2041	2707
2042	2366
2043	3111
2044	3773
2046	4457
2047	3155
2048	2843
2048	4099
2048	4749
2049	2326
2049	3393
2049	3910
2050	3271
2050	4429
2051	2518
2051	3271
2051	3548
2051	4920
2052	3600
2054	2899
2054	4157
2055	2355
2055	2356
2055	2438
2055	2917
2056	2634
2056	3257
2057	3287
2058	2722
2058	2969
2059	2400
2059	3470
2059	3634
2060	2792
2062	3041
2062	4076
2062	4278
2063	3152
2064	2725
2064	4117
2065	2724
2065	3566
2065	4028
2066	2293
2066	2498
2066	4480
2067	2116
2067	3604
2067	4174
2067	4419
2068	2364
2068	2849
2069	2293
2069	3655
2069	3909
2069	4073
2069	4497
2070	3152
2070	4434
2071	2362
2071	3046
2071	4663
2072	3808
2073	3180
2075	3657
2075	4774
2075	4797
2076	2146
2076	2366
2076	3488
2076	4823
2077	2934
2077	3952
2079	2220
2079	4708
2080	4469
2080	4870
2080	4902
2081	2598
2081	2995
2082	3984
2082	4228
2083	2252
2083	3613
2083	3614
2083	3736
2084	3519
2085	2889
2089	3967
2090	3043
2091	2730
2091	3663
2091	3677
2091	4031
2093	2416
2093	3125
2094	2164
2096	3215
2096	3262
2096	3455
2096	3868
2097	2906
2097	3975
2098	2566
2098	2876
2098	3984
2099	2212
2099	4267
2100	3301
2100	3854
2101	2711
2101	4246
2103	2312
2103	2739
2104	4148
2106	2455
2106	3193
2107	3202
2107	3868
2108	3712
2108	4267
2108	4850
2109	2439
2109	2556
2110	4289
2111	2321
2111	2743
2111	2834
2111	3966
2111	4414
2112	2674
2113	4685
2114	3379
2114	4231
2115	2317
2116	2295
2117	3125
2117	3140
2118	3589
2119	3446
2120	3614
2120	4908
2121	3994
2122	3834
2122	3867
2122	3883
2122	4133
2123	2155
2123	3951
2123	4469
2123	4519
2123	4685
2125	3063
2125	4781
2126	2197
2126	3808
2126	4130
2126	4911
2127	3652
2127	3790
2128	3273
2128	4108
2129	2654
2129	4407
2130	3844
2131	2744
2132	4147
2133	3747
2133	4998
2134	2998
2136	2823
2137	2319
2138	3618
2138	4851
2139	4342
2140	2434
2140	4357
2140	4453
2141	2630
2141	3049
2141	4674
2142	2498
2142	4120
2143	2184
2144	4656
2145	3891
2145	4328
2145	4799
2146	2604
2146	3179
2146	3867
2147	4450
2148	3341
2148	3945
2149	2447
2149	2763
2149	4135
2149	4932
2150	2346
2150	4826
2151	4830
2151	4954
2152	2550
2153	2520
2153	3641
2154	2241
2154	3015
2155	4420
2157	3017
2157	3103
2157	4738
2158	2929
2159	4324
2160	3707
2160	3888
2160	4089
2161	3339
2162	3658
2162	4866
2162	4973
2163	3443
2164	4407
2165	2540
2166	2756
2167	4707
2167	4842
2168	3783
2169	2477
2169	3126
2170	2248
2170	2370
2170	2979
2172	3214
2172	4833
2173	2837
2173	4677
2174	3128
2174	4827
2175	3475
2175	3869
2175	4366
2176	3604
2177	3372
2178	2386
2178	2607
2178	3447
2179	2695
2179	3763
2179	4049
2179	4105
2179	4582
2180	2349
2180	2602
2181	3005
2181	3369
2181	4258
2181	4906
2182	2762
2182	3003
2182	3773
2183	3477
2183	4015
2184	2363
2184	3416
2185	4774
2186	2573
2186	2766
2186	3750
2187	4633
2188	2771
2188	4156
2189	2773
2189	3000
2189	3716
2190	3804
2191	2670
2192	2728
2193	3276
2193	4049
2194	2901
2194	4296
2195	3271
2195	4039
2196	2602
2196	3981
2197	3815
2197	4913
2198	2214
2199	2344
2199	3659
2200	2597
2200	2953
2200	3721
2200	4226
2201	3032
2202	2824
2202	3858
2203	4441
2203	4838
2204	2956
2204	3620
2206	3634
2206	4306
2206	4577
2207	2298
2207	4345
2208	3277
2209	3838
2209	3946
2210	4755
2210	4945
2213	4780
2214	3485
2215	3180
2215	4149
2216	4677
2217	3408
2217	4107
2218	2725
2219	4448
2220	2728
2220	2753
2220	2906
2222	3956
2222	4033
2224	3499
2225	3374
2226	4941
2228	3414
2228	4656
2229	4463
2229	4568
2230	2326
2231	2912
2231	3607
2231	4594
2233	2270
2233	2757
2235	2733
2236	3259
2236	4377
2236	4913
2237	2751
2238	4657
2239	3003
2240	2261
2241	2534
2243	3147
2244	3779
2244	4165
2246	2620
2246	4528
2246	4657
2247	2367
2248	3758
2248	4090
2248	4268
2248	4866
2249	2582
2249	4051
2249	4369
2249	4441
2250	4859
2250	4965
2251	4279
2251	4488
2252	4356
2253	4990
2254	4934
2255	4513
2256	2674
2256	3031
2256	4588
2256	4720
2257	4181
2257	4602
2258	3104
2258	4620
2258	4757
2260	3601
2261	2350
2261	3851
2262	3021
2262	4279
2264	3822
2264	4318
2265	4787
2266	2475
2266	3251
2266	3718
2267	4142
2268	2451
2268	2667
2268	2817
2272	2528
2272	2702
2272	3536
2272	3709
2272	4684
2273	3423
2273	3630
2274	4755
2275	2856
2275	3878
2277	3983
2278	2654
2278	4008
2279	3263
2279	3577
2279	4070
2279	4830
2280	4038
2280	4279
2281	2353
2282	3314
2282	3469
2282	4154
2284	2796
2285	2685
2286	4024
2286	4618
2287	3124
2288	4610
2289	2434
2289	2789
2290	2676
2290	3223
2290	3954
2290	4021
2290	4444
2293	4527
2294	3297
2294	3653
2294	4029
2295	3244
2295	4212
2297	2822
2297	3833
2297	4459
2298	3980
2298	4117
2299	2904
2299	3188
2299	3792
2300	3182
2300	4392
2301	2702
2301	4399
2302	2796
2302	3494
2305	4057
2306	3135
2306	3254
2306	3566
2307	2843
2309	4284
2310	2789
2311	2815
2311	4497
2311	4645
2312	3282
2312	4721
2314	2610
2314	4845
2314	4958
2315	2479
2315	3402
2316	2494
2316	4454
2317	3397
2317	3833
2318	2795
2318	3660
2318	4189
2319	2396
2319	2566
2319	3778
2319	4070
2319	4147
2319	4878
2320	2785
2320	3540
2320	4556
2321	2873
2321	3026
2321	4074
2321	4842
2322	4467
2323	2856
2323	2902
2323	4340
2326	4894
2327	4174
2327	4262
2328	3561
2328	3837
2329	3832
2329	4513
2330	3316
2330	3533
2330	4935
2331	3784
2331	3952
2331	4478
2332	2535
2332	2844
2332	4066
2332	4971
2333	4160
2334	2776
2334	3979
2335	3866
2337	3730
2337	4842
2338	2831
2338	3550
2338	3705
2339	2340
2339	4022
2339	4117
2340	4490
2341	4601
2341	4954
2343	3723
2343	4892
2344	3695
2345	4213
2346	2799
2347	2704
2347	3188
2347	4097
2347	4920
2348	3495
2348	3836
2348	4764
2350	3119
2350	3283
2350	4756
2351	3002
2351	4608
2352	2797
2352	2948
2354	3289
2354	3646
2354	4324
2354	4993
2355	3284
2355	3662
2355	4363
2355	4720
2356	3291
2358	2832
2358	3768
2359	4812
2360	2632
2360	3515
2361	2369
2361	2902
2361	3687
2363	2512
2363	3068
2363	3159
2363	4084
2364	2820
2364	3380
2364	4326
2366	2844
2366	4199
2368	2701
2368	4755
2369	3796
2371	3676
2371	3926
2371	4017
2371	4589
2372	2811
2374	3713
2374	4894
2375	3272
2375	4707
2376	2440
2376	2821
2376	4581
2376	4730
2377	2697
2377	2717
2378	2538
2378	2782
2379	3699
2379	3802
2381	2734
2381	4601
2382	2586
2382	2741
2382	2977
2385	3104
2386	3146
2386	4441
2388	3016
2389	3741
2389	3835
2390	4356
2391	2904
2392	3238
2392	3867
2393	2416
2393	3992
2395	2610
2395	2737
2395	4441
2396	3485
2396	3881
2396	4861
2397	4873
2398	2544
2398	2615
2398	2710
2399	2593
2399	2728
2400	2672
2402	2930
2402	3103
2402	3434
2402	4736
2402	4881
2403	3776
2403	3861
2403	4226
2404	4909
2405	2677
2406	2953
2406	4268
2406	4727
2407	2599
2407	3230
2408	3884
2408	4711
2410	4216
2411	2562
2411	4249
2412	2669
2412	4448
2412	4504
2413	4209
2413	4271
2415	2845
2415	3513
2415	4321
2416	4962
2417	3124
2417	3728
2417	4039
2418	2989
2419	2587
2420	2971
2421	2472
2421	4789
2422	2515
2422	2877
2422	4343
2422	4554
2422	4736
2423	4228
2423	4257
2424	2960
2424	4335
2426	3980
2427	4704
2428	4998
2429	4179
2431	3615
2431	4864
2432	3470
2434	2712
2434	2809
2434	3635
2434	4020
2435	3358
2435	4450
2436	3188
2437	3194
2437	3292
2438	3005
2439	3299
2440	2801
2440	3560
2441	2807
2441	3055
2441	4044
2442	3326
2442	4119
2443	4906
2444	2768
2444	3137
2445	3285
2445	3347
2445	3375
2445	3418
2445	4033
2446	3152
2446	4632
2447	2578
2447	2689
2447	3930
2447	4550
2447	4794
2449	2801
2449	3078
2449	3793
2449	3904
2449	4316
2450	3368
2450	4579
2451	4839
2452	3340
2453	3166
2453	4510
2453	4909
2455	4666
2456	2544
2456	2637
2456	3720
2457	2728
2457	3142
2457	3816
2457	4408
2460	4257
2461	4188
2463	2997
2463	3793
2463	4674
2464	3119
2466	2647
2468	2679
2468	4032
2469	4977
2470	2634
2470	3442
2470	4201
2472	3958
2473	2776
2473	3941
2473	4509
2475	2686
2475	2732
2475	3892
2476	4488
2478	2871
2478	4039
2478	4185
2478	4577
2480	3976
2481	2524
2482	4584
2483	2772
2483	3158
2483	3444
2483	4120
2485	4047
2486	3644
2486	4787
2487	3015
2488	2810
2488	4695
2489	4916
2490	2732
2490	3174
2491	4362
2491	4537
2492	4142
2493	4265
2494	3032
2494	4093
2495	2595
2495	3742
2495	4055
2496	4844
2497	2903
2498	3030
2498	3032
2498	3344
2500	4268
2502	3655
2502	3909
2502	4471
2503	4137
2503	4329
2503	4419
2504	3141
2505	4170
2505	4691
2505	4719
2506	4372
2506	4833
2507	3999
2510	2808
2511	3168
2511	4542
2512	3575
2512	3822
2513	2609
2513	3080
2514	4127
2515	3767
2515	4686
2516	2645
2516	3893
2516	4736
2517	3313
2517	4235
2518	4258
2518	4560
2519	3659
2519	3770
2519	3999
2520	3158
2520	3540
2520	3728
2521	3789
2522	3375
2522	3509
2524	4334
2524	4698
2525	4032
2525	4067
2525	4246
2526	3929
2526	4985
2529	2902
2532	3343
2532	3992
2534	4961
2535	3272
2535	4654
2536	4037
2537	2802
2537	3946
2537	4176
2537	4435
2538	3725
2539	3403
2539	3928
2540	3616
2540	4886
2541	3315
2541	3635
2542	3333
2542	4675
2543	2590
2543	4737
2544	4155
2544	4423
2545	3900
2547	4066
2547	4293
2547	4462
2548	4504
2551	3873
2552	3069
2552	3727
2553	3771
2553	4643
2553	4658
2554	4457
2556	3652
2557	3596
2558	3844
2559	3468
2559	4217
2559	4946
2560	4508
2561	3210
2561	4972
2562	4987
2563	2722
2563	4187
2563	4660
2564	3260
2564	3850
2564	4521
2565	3870
2565	4687
2566	4029
2569	2742
2569	4529
2572	3834
2573	4515
2574	4602
2574	4934
2576	2894
2577	4455
2578	3395
2579	2798
2579	3775
2581	3599
2581	3840
2582	2614
2585	4263
2585	4619
2587	2603
2587	4044
2587	4380
2589	3087
2590	3912
2590	4147
2591	2950
2591	3073
2591	3988
2592	2746
2592	4077
2592	4983
2593	3196
2594	3827
2595	3748
2596	4090
2596	4439
2599	4274
2600	3694
2600	4889
2600	4907
2601	4130
2602	2610
2603	4113
2603	4432
2605	3365
2605	3893
2605	3974
2605	4601
2605	4870
2607	3538
2608	2672
2609	2718
2609	3249
2611	3476
2612	4806
2613	3135
2613	3363
2614	2892
2614	4829
2615	3179
2615	4567
2615	4926
2616	3828
2617	2808
2617	4257
2618	3322
2619	3447
2620	3217
2620	4103
2621	4078
2622	2841
2622	2849
2622	3934
2622	4750
2623	3911
2624	3593
2625	4659
2627	4090
2629	3670
2629	4911
2630	2944
2630	3669
2630	4866
2631	2893
2631	3200
2632	3467
2632	4990
2633	2848
2633	4183
2633	4805
2634	4122
2636	3203
2636	3249
2636	4748
2637	3959
2638	3855
2638	4114
2640	2834
2640	4344
2640	4624
2643	2670
2643	4003
2644	3942
2646	2986
2650	3011
2650	3043
2650	4964
2651	4410
2651	4562
2652	2920
2652	3159
2652	3997
2653	2765
2654	2876
2655	3890
2658	4233
2659	4914
2661	3352
2661	3612
2663	3420
2663	4425
2664	3726
2664	3761
2665	4777
2667	2968
2667	3308
2667	4656
2668	2870
2668	3694
2669	4703
2670	2896
2671	4634
2673	3005
2673	4563
2673	4784
2674	4988
2675	4941
2676	3617
2679	2688
2680	3395
2680	4236
2682	2792
2682	3983
2684	4309
2685	2817
2686	3141
2686	4217
2687	2747
2687	3109
2687	4829
2688	4218
2688	4455
2689	2693
2689	3670
2691	2861
2691	3215
2692	3201
2692	4998
2694	3625
2694	3824
2694	4067
2695	3750
2695	4277
2695	4713
2695	4815
2696	2856
2698	3561
2698	4993
2699	2717
2699	3517
2699	4571
2701	3256
2701	3924
2701	4095
2701	4316
2702	2768
2704	4346
2706	2953
2707	3524
2710	4197
2712	4035
2712	4440
2713	3612
2714	3162
2714	4119
2714	4241
2715	4265
2716	4852
2717	2911
2717	3099
2718	4953
2719	2908
2720	4463
2720	4753
2721	4957
2723	3251
2723	3421
2723	4353
2723	4783
2724	3552
2724	4781
2725	3231
2726	4045
2726	4301
2727	3918
2729	2793
2730	2892
2732	3142
2732	3819
2732	4703
2735	3836
2735	3874
2741	4261
2741	4772
2742	4723
2743	4088
2744	3058
2746	2811
2746	2870
2746	3006
2746	3095
2749	4249
2750	3218
2750	4397
2751	3162
2751	4961
2753	4599
2754	4676
2756	3484
2759	2968
2759	4171
2760	4437
2760	4508
2761	4351
2762	2841
2762	3164
2762	4180
2762	4418
2764	4206
2764	4619
2765	3371
2765	4978
2766	4235
2766	4385
2767	4390
2768	4244
2770	2925
2770	4238
2771	2952
2771	4111
2771	4127
2773	3047
2774	4145
2775	2993
2776	3700
2776	4894
2777	4527
2779	2813
2779	3054
2779	3513
2779	4018
2780	2939
2780	3802
2781	3052
2781	3429
2781	3826
2781	4613
2782	3951
2782	4093
2782	4296
2782	4367
2782	4663
2782	4878
2783	3374
2783	3672
2784	4320
2786	3830
2787	3521
2787	4297
2787	4525
2788	4230
2789	2931
2790	2865
2790	4581
2790	4990
2792	3021
2792	4215
2793	4666
2794	3377
2794	3447
2796	2816
2797	3429
2797	4269
2797	4672
2800	2807
2801	2883
2802	3343
2802	3541
2803	3912
2803	4205
2804	3948
2804	4843
2805	4142
2806	3298
2806	3395
2806	4013
2806	4893
2807	3001
2807	4526
2808	4896
2809	4115
2811	3879
2812	3577
2813	3233
2813	4405
2816	3080
2817	4445
2818	3660
2818	3896
2818	4482
2818	4877
2819	3529
2820	4312
2821	3273
2821	3496
2821	3819
2821	4636
2823	3565
2823	3579
2825	3463
2826	3736
2827	2924
2828	4228
2829	3724
2829	4612
2830	3920
2831	3189
2831	3246
2831	4167
2831	4345
2833	4416
2834	3753
2835	3766
2835	4957
2838	3345
2838	3411
2838	3841
2838	3911
2838	4234
2839	4635
2840	2956
2840	3903
2840	3956
2841	3552
2841	4512
2842	3601
2842	3934
2842	4838
2843	3371
2843	3821
2843	4951
2844	3576
2845	3061
2845	4271
2845	4540
2846	3310
2848	2867
2848	2868
2850	3428
2850	3741
2850	4151
2851	3565
2852	3052
2852	3439
2855	3661
2855	4043
2857	3354
2858	4506
2860	4946
2862	4688
2863	3463
2865	4788
2865	4822
2867	4166
2868	2871
2868	3498
2870	4841
2870	4963
2871	2993
2871	4140
2871	4686
2872	3108
2873	3636
2874	3067
2874	3138
2878	2938
2878	4845
2879	3023
2880	4052
2881	3305
2883	3292
2883	3517
2884	3144
2886	3800
2887	3364
2888	3576
2888	4291
2889	3444
2889	4512
2889	4725
2893	3062
2894	3711
2894	4034
2894	4075
2894	4250
2894	4495
2897	2934
2897	4637
2897	4842
2898	4376
2899	4218
2899	4334
2900	4821
2902	3221
2902	3600
2903	3423
2903	4062
2903	4139
2903	4393
2904	3471
2904	3624
2905	4174
2906	4756
2908	3032
2909	4032
2910	4147
2912	4310
2912	4349
2912	4541
2914	2975
2914	4074
2915	2989
2915	3144
2917	4035
2917	4686
2918	3843
2918	4229
2919	3547
2919	3820
2919	4326
2919	4424
2920	4394
2921	3139
2922	3920
2922	4855
2924	3599
2924	3744
2926	3468
2926	4808
2927	4378
2928	4135
2928	4384
2930	4351
2930	4771
2931	4745
2932	3212
2932	4066
2932	4616
2933	3149
2933	4292
2933	4461
2934	3040
2935	3346
2936	3953
2937	4595
2938	3532
2938	4538
2938	4877
2939	3878
2940	3091
2941	3801
2941	4625
2942	4400
2943	3054
2944	3220
2944	3807
2944	4873
2946	4170
2946	4202
2947	3926
2948	2964
2948	3493
2949	4254
2950	3239
2950	4377
2951	3274
2951	4141
2952	4787
2954	4647
2954	4893
2956	2966
2956	3227
2956	3428
2957	4320
2959	3534
2960	3685
2960	4515
2960	4703
2960	4979
2961	3582
2961	4546
2962	3065
2963	3864
2963	4201
2963	4817
2966	3429
2967	4050
2969	3505
2969	3528
2969	3767
2969	4533
2970	3712
2970	4627
2971	3108
2971	3251
2971	4461
2972	3316
2972	4124
2973	3216
2973	3312
2974	3837
2974	3919
2975	3473
2976	3665
2977	4171
2977	4560
2978	4104
2978	4255
2978	4256
2979	3395
2979	4602
2981	3054
2982	3269
2982	3864
2983	3875
2984	4354
2984	4933
2985	4520
2987	3204
2987	3802
2987	4298
2989	4602
2989	4813
2990	3116
2990	3908
2990	4135
2991	3024
2991	3303
2991	4950
2993	3086
2994	4854
2996	3399
2997	3165
2997	4993
2998	3645
2998	4063
2998	4839
3000	3414
3001	3371
3002	4065
3002	4928
3003	3287
3003	3991
3003	4666
3004	4152
3005	3530
3005	4342
3005	4711
3006	4368
3007	3145
3007	4106
3007	4457
3008	3109
3008	3760
3008	3855
3008	4764
3010	4876
3012	4870
3013	3315
3018	3035
3018	4355
3019	3115
3019	3352
3020	3087
3020	3438
3021	4532
3022	3158
3022	3678
3022	4790
3023	4859
3024	3316
3024	3688
3026	3160
3027	3066
3027	4940
3028	3724
3028	3967
3029	3336
3030	3992
3030	4105
3032	3138
3032	4239
3033	3697
3033	4942
3034	3644
3034	4285
3038	3106
3039	3614
3039	4383
3040	3540
3042	3685
3043	3366
3043	4257
3044	3175
3045	3286
3046	3898
3046	4257
3048	3268
3051	3646
3051	3930
3052	3969
3054	3663
3055	3075
3055	4156
3056	3177
3057	3759
3058	3205
3058	4640
3059	3801
3059	4150
3060	4140
3060	4847
3061	4514
3063	4815
3065	4905
3067	3550
3067	3891
3068	3183
3069	4955
3070	3076
3070	3422
3070	3771
3070	4160
3071	4081
3071	4626
3072	3638
3072	3835
3075	4271
3075	4881
3076	3951
3076	4194
3076	4489
3076	4653
3077	3591
3078	3736
3078	4071
3079	4612
3079	4820
3080	3962
3080	4313
3081	3421
3082	3854
3083	3184
3086	3221
3086	3718
3086	3847
3086	4133
3088	3902
3088	4323
3089	4475
3091	3626
3091	4461
3092	3296
3094	3287
3094	3377
3095	4946
3096	4907
3097	3149
3097	3838
3099	3307
3100	3970
3101	4880
3106	3687
3107	3620
3109	4521
3110	4395
3111	3201
3112	4286
3113	4183
3115	4112
3115	4916
3119	4613
3120	4629
3121	4875
3122	4114
3126	4164
3126	4981
3127	3702
3129	4599
3131	3737
3131	4207
3132	3519
3133	3690
3134	3143
3136	3303
3137	3657
3137	4078
3139	3182
3140	3569
3140	4706
3141	3711
3141	4220
3142	3186
3142	4499
3143	3303
3143	4017
3143	4214
3143	4221
3143	4821
3145	4205
3146	3598
3147	4099
3147	4170
3147	4929
3147	4952
3148	3236
3150	4629
3151	4325
3152	4000
3154	3736
3155	4282
3155	4931
3158	4882
3159	4127
3159	4941
3160	4526
3162	3719
3162	3829
3163	4391
3165	3860
3166	4101
3167	4366
3168	4403
3171	4164
3171	4295
3173	4486
3173	4935
3174	3194
3174	3914
3174	4595
3174	4795
3176	4508
3177	4193
3177	4927
3178	3506
3178	3895
3178	4773
3179	3547
3179	4058
3180	4374
3181	3324
3182	3422
3182	3585
3185	3692
3186	3952
3186	4014
3186	4920
3188	3690
3191	4509
3192	3390
3193	3845
3193	4940
3194	3262
3194	3286
3194	3747
3195	3442
3195	3506
3196	3318
3196	3343
3196	3983
3197	4712
3198	3654
3201	3786
3201	4350
3201	4631
3202	4041
3202	4573
3203	4618
3203	4761
3205	3418
3206	4866
3210	3370
3210	3526
3210	4564
3210	4970
3211	3513
3211	3987
3211	4051
3211	4151
3211	4739
3211	4921
3212	4745
3213	4984
3215	3767
3215	3935
3215	4120
3218	4110
3220	3342
3220	4781
3224	3627
3227	3401
3228	4133
3230	3702
3233	3740
3234	3601
3234	4852
3238	3812
3238	4322
3240	3250
3240	4323
3240	4720
3242	3317
3243	3409
3244	4767
3248	3534
3248	3969
3248	4594
3249	3809
3250	3536
3250	4881
3252	4149
3252	4276
3253	3576
3255	4289
3256	4032
3258	3364
3258	4327
3261	4628
3264	4111
3265	4164
3265	4352
3266	4085
3267	3835
3267	4091
3269	3804
3272	3589
3272	3903
3273	4000
3274	4631
3275	4326
3277	3378
3277	4226
3277	4336
3277	4387
3278	4438
3279	3335
3280	3785
3281	3534
3283	3352
3286	4666
3288	3743
3289	3949
3290	4752
3292	3532
3292	4692
3293	3667
3293	3822
3293	4160
3294	3435
3295	4809
3296	4037
3296	4080
3297	3895
3298	3393
3299	4262
3299	4984
3300	4018
3300	4722
3301	3573
3301	4881
3302	4279
3302	4816
3303	3760
3304	4285
3304	4580
3305	3636
3305	4824
3306	3492
3307	4947
3308	4090
3308	4797
3309	3752
3310	3812
3310	3940
3310	4389
3313	3627
3313	3669
3314	3767
3315	4336
3315	4794
3316	3538
3316	4090
3316	4895
3317	3584
3318	3488
3318	4848
3319	3625
3319	3627
3323	3730
3323	4658
3323	4806
3326	3931
3327	4716
3328	3550
3328	3609
3328	3692
3329	3733
3330	3453
3331	3435
3331	4226
3332	4135
3334	3764
3334	4641
3338	4119
3338	4426
3340	4736
3347	3951
3348	4672
3349	3442
3349	4213
3350	3758
3352	3411
3353	3582
3353	4581
3354	4852
3355	4867
3356	3718
3356	4609
3357	4956
3358	4700
3361	4198
3361	4872
3363	3522
3363	4104
3365	4331
3366	4612
3366	4656
3367	3556
3369	3735
3369	4025
3371	3546
3373	3465
3375	4288
3375	4332
3376	3579
3376	3898
3377	4662
3377	4829
3378	4654
3379	4880
3381	4483
3382	3673
3382	3971
3384	4005
3387	4821
3391	3601
3391	4818
3392	4967
3393	3857
3394	4403
3396	3998
3396	4570
3397	3812
3400	4488
3401	3578
3401	4103
3402	4178
3402	4316
3402	4905
3403	4566
3404	3832
3404	4264
3407	4420
3407	4511
3407	4892
3409	3714
3409	4597
3411	4382
3412	4576
3414	4753
3416	4698
3417	3566
3419	4301
3423	4405
3423	4954
3424	3431
3425	4619
3426	4674
3426	4692
3426	4712
3427	3715
3429	3775
3429	4878
3430	3727
3432	4171
3434	4114
3434	4886
3435	4647
3436	4172
3436	4932
3437	4291
3437	4498
3438	4416
3439	4250
3446	4403
3447	4348
3451	3884
3451	4044
3451	4286
3452	4551
3456	4790
3458	4185
3458	4591
3459	3738
3459	4481
3461	3885
3462	3846
3464	3545
3464	4956
3466	3479
3467	4179
3470	4842
3471	4881
3473	4345
3474	4564
3475	3756
3475	3866
3475	3950
3476	3670
3479	4078
3479	4878
3480	3810
3480	4941
3483	4064
3484	4796
3486	4315
3486	4650
3487	3904
3487	4061
3488	4326
3490	3818
3495	4759
3495	4883
3496	4130
3496	4706
3498	3624
3498	4755
3500	4956
3502	3749
3503	4939
3504	4497
3507	4305
3507	4450
3508	3780
3508	3920
3508	4719
3509	3526
3509	4856
3510	3653
3511	4119
3512	3694
3513	4062
3514	3956
3514	4139
3514	4146
3514	4846
3515	4606
3516	3857
3516	4085
3516	4948
3517	4788
3518	4289
3519	4584
3519	4700
3520	3598
3521	3755
3521	4345
3522	4455
3524	3666
3524	4077
3524	4466
3525	3723
3526	4445
3527	3711
3527	4434
3529	4329
3530	4154
3530	4306
3532	4023
3533	4315
3533	4354
3533	4764
3534	3818
3534	4161
3535	4571
3535	4583
3536	3577
3536	4495
3538	4663
3541	4074
3544	4449
3544	4617
3544	4637
3545	3666
3546	3566
3546	4048
3547	4576
3547	4640
3548	3619
3548	4768
3549	3676
3549	3751
3550	4139
3550	4689
3551	4020
3551	4417
3552	4305
3556	3915
3558	4405
3559	4994
3560	4682
3561	4724
3563	3689
3564	4661
3564	4759
3564	4948
3565	3950
3567	3875
3568	3990
3569	4254
3570	4828
3571	3577
3572	4285
3574	4568
3575	4185
3575	4242
3575	4697
3577	4514
3580	3945
3580	4629
3581	3739
3581	4931
3583	3623
3586	4678
3589	3705
3589	4238
3591	3813
3595	3788
3595	4273
3596	4484
3597	4820
3598	4457
3598	4989
3599	4795
3600	4551
3600	4974
3602	3833
3602	4353
3604	4895
3604	4910
3605	4325
3612	4305
3614	4130
3614	4519
3614	4712
3615	4347
3616	4092
3617	3906
3618	3850
3621	4252
3621	4630
3621	4769
3627	4351
3630	4869
3632	3795
3633	4862
3634	4791
3636	4154
3636	4517
3637	3698
3637	4091
3637	4461
3638	4286
3638	4786
3639	4737
3643	3947
3643	4695
3645	3677
3647	4026
3648	4906
3649	3951
3649	4822
3650	3758
3651	3937
3653	4168
3655	4062
3656	3769
3661	3692
3661	4467
3662	4548
3664	4339
3669	4755
3671	3725
3673	4999
3674	4480
3675	4140
3676	3789
3678	4654
3680	4065
3680	4179
3681	3977
3681	4163
3682	4298
3684	4241
3684	4760
3685	4455
3685	4485
3687	4280
3688	4394
3689	4178
3690	4925
3696	4893
3697	4444
3697	4686
3699	4279
3700	4209
3702	3815
3703	3716
3704	4124
3705	3770
3706	3818
3707	4351
3708	3950
3709	4716
3710	4282
3711	3947
3713	4487
3716	3864
3718	4651
3719	4022
3719	4191
3719	4930
3720	4185
3720	4197
3720	4763
3722	4191
3724	4936
3725	3831
3727	4260
3728	3755
3728	4974
3729	3871
3730	3863
3730	4209
3730	4511
3730	4886
3731	4792
3732	4664
3733	4992
3734	4971
3735	4093
3735	4499
3737	4397
3739	4117
3742	4231
3745	3756
3747	4493
3748	4707
3750	4061
3750	4317
3750	4662
3751	4633
3752	4607
3754	4892
3756	4617
3756	4648
3757	4279
3757	4360
3760	4562
3762	4071
3763	3765
3764	4159
3764	4682
3769	4066
3770	4632
3772	4368
3773	4975
3774	4650
3778	4404
3779	4079
3779	4607
3782	4131
3783	4208
3784	4113
3785	3986
3787	4326
3787	4365
3787	4490
3789	4359
3791	4036
3791	4099
3791	4258
3794	4513
3797	3936
3799	4157
3801	4042
3802	4124
3802	4730
3803	4199
3804	4941
3806	4081
3806	4769
3806	4896
3813	4491
3815	4019
3817	4270
3822	4703
3823	4390
3823	4542
3826	4049
3826	4446
3826	4792
3827	4823
3828	4358
3829	4673
3834	4687
3834	4892
3837	3839
3838	4506
3839	4523
3840	4551
3841	4801
3842	4043
3842	4456
3844	3947
3844	3980
3844	4519
3844	4552
3845	4774
3849	3870
3850	4028
3850	4366
3852	4703
3854	4491
3856	4160
3857	4972
3858	3860
3859	3883
3859	4675
3859	4922
3862	4272
3869	4532
3869	4652
3870	3969
3871	4205
3872	3998
3872	4899
3875	4579
3877	4488
3878	4431
3879	4982
3882	4189
3882	4447
3888	4144
3889	4026
3890	4969
3891	4581
3893	4105
3894	4310
3894	4883
3895	4228
3895	4736
3896	4420
3900	4842
3902	4103
3905	4464
3912	3960
3912	4165
3912	4559
3914	4986
3915	4009
3916	4286
3919	4506
3919	4644
3923	4825
3925	4025
3925	4055
3925	4176
3927	4302
3927	4832
3928	3944
3928	3973
3930	4347
3930	4926
3931	4043
3932	4446
3933	4189
3933	4239
3933	4384
3937	4850
3939	4208
3940	4030
3943	4010
3943	4326
3943	4382
3945	4040
3945	4536
3946	4050
3946	4630
3947	4556
3949	4704
3953	4006
3953	4580
3953	4939
3954	4948
3959	4497
3959	4707
3961	4265
3962	4122
3962	4352
3965	4353
3967	4272
3971	4746
3972	4474
3973	4011
3973	4621
3976	4031
3976	4665
3978	4266
3979	4510
3982	4501
3990	4500
3990	4660
3990	4690
3991	4779
3991	4980
3995	4250
4000	4921
4001	4662
4001	4742
4002	4446
4002	4919
4004	4420
4009	4341
4013	4310
4017	4988
4019	4107
4020	4662
4021	4505
4022	4335
4026	4113
4029	4702
4030	4223
4030	4357
4031	4866
4033	4347
4033	4436
4034	4615
4037	4276
4040	4422
4040	4957
4041	4390
4042	4966
4043	4719
4044	4125
4044	4668
4045	4494
4048	4163
4049	4281
4050	4391
4050	4763
4051	4571
4052	4328
4056	4062
4060	4436
4060	4885
4061	4557
4061	4893
4062	4725
4063	4916
4064	4641
4067	4433
4069	4086
4070	4086
4071	4536
4071	4575
4077	4321
4078	4219
4080	4810
4082	4853
4084	4561
4085	4921
4089	4120
4089	4495
4092	4969
4098	4834
4104	4561
4108	4521
4109	4393
4113	4544
4115	4933
4118	4131
4118	4833
4122	4246
4129	4266
4130	4413
4133	4909
4136	4251
4136	4943
4137	4172
4140	4549
4140	4729
4142	4297
4143	4696
4144	4279
4144	4938
4145	4654
4146	4979
4147	4414
4149	4179
4149	4445
4151	4368
4159	4566
4159	4790
4161	4207
4162	4599
4164	4335
4176	4493
4180	4735
4180	4953
4181	4873
4182	4313
4182	4542
4183	4324
4185	4301
4186	4905
4187	4645
4188	4304
4189	4837
4190	4240
4193	4560
4195	4324
4195	4697
4206	4588
4218	4231
4218	4291
4218	4394
4219	4649
4221	4591
4221	4702
4228	4602
4228	4763
4228	4958
4231	4519
4232	4397
4234	4539
4243	4978
4244	4585
4245	4422
4247	4430
4248	4870
4249	4584
4252	4864
4253	4255
4253	4461
4254	4938
4256	4280
4256	4745
4257	4746
4261	4281
4261	4722
4262	4748
4264	4869
4265	4515
4266	4667
4270	4498
4272	4790
4274	4477
4275	4345
4275	4399
4277	4330
4279	4709
4280	4380
4281	4880
4282	4743
4283	4875
4284	4333
4284	4431
4291	4982
4294	4384
4295	4574
4296	4554
4299	4622
4302	4872
4303	4532
4308	4473
4311	4648
4311	4848
4312	4450
4314	4710
4320	4764
4325	4701
4325	4964
4326	4611
4326	4894
4328	4554
4328	4794
4329	4913
4330	4991
4341	4384
4342	4818
4350	4464
4351	4606
4352	4469
4357	4361
4357	4683
4368	4663
4371	4413
4372	4816
4377	4714
4378	4978
4383	4969
4384	4386
4384	4448
4385	4414
4387	4700
4388	4853
4390	4997
4392	4395
4393	4913
4393	4945
4394	4885
4395	4610
4395	4845
4404	4454
4405	4604
4406	4487
4407	4541
4407	4891
4409	4742
4410	4539
4413	4532
4423	4478
4423	4551
4428	4507
4430	4806
4432	4567
4433	4968
4437	4744
4437	4799
4438	4617
4439	4629
4441	4444
4442	4697
4443	4621
4444	4758
4446	4598
4446	4644
4451	4829
4465	4725
4465	4889
4467	4629
4467	4691
4468	4618
4474	4937
4478	4590
4481	4517
4488	4851
4493	4714
4499	4608
4500	4990
4502	4521
4511	4920
4525	4571
4525	4722
4525	4859
4525	4896
4528	4826
4530	4552
4530	4885
4535	4678
4544	4952
4545	4648
4549	4871
4550	4767
4551	4690
4552	4585
4552	4653
4558	4827
4565	4650
4576	4643
4579	4816
4582	4907
4591	4642
4601	4930
4606	4975
4609	4912
4610	4680
4612	4986
4615	4834
4615	4881
4616	4793
4620	4880
4621	4857
4624	4849
4629	4672
4629	4816
4640	4770
4650	4794
4650	4863
4651	4900
4654	4954
4657	4750
4660	4668
4665	4845
4670	4731
4678	4855
4684	4985
4685	4832
4697	4713
4705	4797
4714	4851
4718	4896
4722	4733
4725	4744
4735	4789
4736	4964
4758	4769
4769	4770
4778	4826
4785	4879
4791	4829
4793	4981
4796	4951
4797	4824
4802	4806
4802	4904
4813	4815
4837	4926
4858	4971
4867	4950
4946	4982
