# Undirected graph (each unordered pair of nodes is saved once): datasets/final/graph_100_1000.txt
# Undirected Erdos-Renyi random graph.
# Nodes: 100 Edges: 1000
# NodeId	NodeId
0	6
0	12
0	25
0	28
0	32
0	46
0	54
0	57
0	61
0	69
0	70
0	74
0	78
0	81
0	87
0	88
0	91
0	92
0	93
0	96
1	6
1	13
1	18
1	46
1	51
1	54
1	58
1	64
1	69
1	82
1	84
1	87
1	88
1	91
1	92
1	94
1	95
2	3
2	4
2	17
2	23
2	34
2	41
2	42
2	45
2	52
2	60
2	64
2	72
2	75
2	76
2	81
2	86
2	95
3	6
3	13
3	14
3	17
3	25
3	29
3	32
3	33
3	36
3	37
3	38
3	56
3	58
3	62
3	64
3	68
3	73
3	77
3	79
3	80
3	83
3	85
3	90
3	99
4	5
4	10
4	11
4	16
4	17
4	18
4	33
4	35
4	36
4	51
4	61
4	63
4	65
4	67
4	69
4	82
4	84
4	86
4	88
5	6
5	18
5	47
5	51
5	52
5	55
5	59
5	64
5	67
5	70
5	73
5	74
5	80
5	81
5	87
5	92
6	10
6	13
6	24
6	25
6	35
6	36
6	40
6	44
6	46
6	60
6	62
6	70
6	73
6	74
6	76
6	92
6	94
6	96
7	9
7	10
7	21
7	28
7	37
7	44
7	46
7	47
7	50
7	58
7	59
7	70
7	71
7	74
7	77
7	80
7	96
7	99
8	23
8	24
8	30
8	32
8	39
8	40
8	61
8	67
8	69
8	77
8	81
8	87
8	94
8	97
9	16
9	18
9	21
9	24
9	26
9	35
9	36
9	50
9	59
9	64
9	66
9	68
9	69
9	73
9	76
9	81
9	84
9	91
9	97
9	99
10	33
10	38
10	40
10	44
10	46
10	47
10	49
10	61
10	63
10	65
10	67
10	70
10	74
10	75
10	87
10	88
10	89
10	94
11	12
11	13
11	16
11	24
11	25
11	29
11	48
11	50
11	60
11	71
11	72
11	75
11	82
11	87
11	92
11	96
11	97
12	24
12	25
12	30
12	35
12	37
12	46
12	51
12	52
12	54
12	57
12	62
12	68
12	69
12	70
12	78
12	84
12	94
12	95
13	34
13	39
13	43
13	61
13	65
13	70
13	82
13	83
13	85
13	87
14	18
14	19
14	20
14	36
14	38
14	43
14	46
14	48
14	60
14	63
14	66
14	72
14	73
14	74
14	77
14	78
14	86
14	93
14	96
14	97
14	99
15	18
15	21
15	30
15	44
15	45
15	46
15	47
15	55
15	57
15	66
15	72
15	74
15	75
15	79
15	80
15	88
15	94
16	17
16	20
16	27
16	29
16	30
16	32
16	40
16	48
16	51
16	57
16	68
16	74
16	76
16	78
16	79
16	82
16	85
16	95
16	97
17	18
17	20
17	38
17	42
17	44
17	45
17	47
17	51
17	52
17	62
17	66
17	69
17	72
17	82
17	83
17	99
18	34
18	36
18	39
18	42
18	47
18	52
18	61
18	69
18	97
19	21
19	27
19	30
19	47
19	63
19	84
19	88
20	22
20	24
20	30
20	32
20	37
20	39
20	45
20	46
20	48
20	51
20	55
20	56
20	62
20	63
20	66
20	68
20	69
20	73
20	75
20	76
20	78
20	79
20	80
20	81
20	83
20	84
20	85
20	86
20	98
21	26
21	28
21	30
21	35
21	36
21	37
21	41
21	47
21	48
21	54
21	56
21	64
21	69
21	75
21	76
21	81
21	86
21	91
21	96
21	97
22	38
22	40
22	44
22	49
22	58
22	61
22	62
22	63
22	65
22	66
22	74
22	79
22	84
22	90
22	97
23	35
23	46
23	48
23	50
23	54
23	57
23	62
23	69
23	71
23	73
23	76
23	78
23	85
23	91
23	94
23	98
24	37
24	41
24	54
24	56
24	60
24	62
24	63
24	64
24	65
24	72
24	73
24	84
24	95
24	97
25	26
25	30
25	32
25	38
25	41
25	57
25	59
25	61
25	68
25	69
25	71
25	73
25	87
25	99
26	30
26	43
26	48
26	49
26	51
26	57
26	60
26	61
26	65
26	66
26	72
26	85
27	28
27	30
27	35
27	42
27	50
27	53
27	57
27	67
27	74
27	76
27	79
27	83
27	84
28	29
28	31
28	32
28	35
28	46
28	48
28	51
28	54
28	56
28	58
28	63
28	64
28	68
28	73
28	76
28	97
28	99
29	31
29	33
29	34
29	40
29	45
29	47
29	54
29	60
29	75
29	76
29	84
29	86
29	98
29	99
30	31
30	44
30	55
30	61
30	63
30	65
30	66
30	67
30	70
30	74
30	75
30	82
30	84
30	90
30	91
30	92
31	32
31	34
31	44
31	48
31	50
31	65
31	66
31	69
31	70
31	72
31	85
31	90
31	92
32	33
32	35
32	38
32	41
32	54
32	58
32	61
32	69
32	71
32	80
32	81
32	90
32	92
32	93
33	43
33	50
33	54
33	58
33	60
33	67
33	71
33	78
33	80
33	81
33	84
33	87
33	90
33	93
33	94
34	37
34	45
34	49
34	50
34	60
34	63
34	75
34	77
34	82
34	86
34	89
34	91
34	96
35	38
35	45
35	48
35	52
35	53
35	55
35	56
35	57
35	62
35	69
35	74
35	83
35	86
35	98
36	40
36	45
36	47
36	48
36	58
36	62
36	64
36	66
36	67
36	70
36	73
36	77
36	82
36	91
36	95
36	98
36	99
37	39
37	41
37	49
37	54
37	61
37	75
37	76
37	77
37	80
37	84
37	90
37	95
37	99
38	39
38	49
38	55
38	57
38	60
38	61
38	66
38	70
38	72
38	77
38	89
38	90
38	92
39	40
39	41
39	49
39	61
39	69
39	71
39	75
39	78
39	79
39	82
39	88
39	89
39	93
39	97
39	98
40	47
40	54
40	56
40	57
40	59
40	60
40	61
40	65
40	68
40	70
40	76
40	86
40	94
40	97
40	99
41	46
41	51
41	56
41	58
41	60
41	62
41	64
41	70
41	74
41	91
41	92
41	99
42	44
42	48
42	53
42	58
42	67
42	70
42	72
42	73
42	74
42	78
42	83
42	84
42	97
43	45
43	51
43	56
43	64
43	66
43	70
43	72
43	74
43	78
43	83
43	88
43	91
43	92
43	95
43	97
43	98
43	99
44	51
44	71
44	83
44	95
45	47
45	63
45	73
45	74
45	76
45	82
45	83
45	86
45	87
45	93
45	98
46	52
46	53
46	54
46	76
46	83
46	84
46	88
46	92
47	51
47	53
47	54
47	60
47	72
47	80
47	85
47	96
48	52
48	54
48	62
48	68
48	69
48	78
48	81
48	84
48	95
49	50
49	56
49	64
49	70
49	71
49	73
49	74
49	75
49	82
49	83
49	92
50	57
50	68
50	77
50	79
50	84
51	55
51	58
51	61
51	62
51	73
51	79
51	86
51	88
51	92
51	96
52	56
52	57
52	63
52	65
52	67
52	70
52	76
52	77
52	78
52	79
52	83
52	92
52	96
52	99
53	54
53	59
53	64
53	66
53	68
53	74
53	85
53	89
53	91
53	93
53	99
54	55
54	65
54	71
54	72
54	73
54	82
54	93
54	96
55	66
55	71
55	72
55	87
55	88
55	90
55	91
55	96
56	62
56	69
56	72
56	79
56	87
56	91
57	59
57	61
57	66
57	67
57	71
57	81
57	85
57	93
57	97
58	67
58	70
58	76
58	79
58	80
58	87
58	91
58	93
58	94
59	62
59	69
59	70
59	79
59	80
59	88
59	91
59	97
60	61
60	68
60	75
60	79
60	81
60	84
60	91
60	94
60	96
60	97
61	69
61	91
61	92
62	63
62	71
62	77
62	83
62	84
62	86
62	89
63	64
63	66
63	68
63	72
63	82
63	83
63	87
63	88
63	90
64	70
64	75
64	76
64	79
64	83
64	91
64	92
64	93
65	70
65	73
65	79
65	91
65	93
65	95
65	98
66	68
66	69
66	77
66	78
66	79
66	80
66	89
66	91
67	68
67	74
67	76
67	80
67	82
67	83
67	89
67	93
67	94
67	97
67	99
68	71
68	72
68	80
68	98
69	74
69	79
69	82
70	76
70	84
70	87
70	90
70	93
70	97
70	99
71	76
71	80
71	89
71	92
71	98
72	74
72	80
72	86
72	88
72	97
72	99
73	75
73	78
73	79
73	85
73	98
74	76
74	80
74	91
74	93
74	97
74	99
75	80
75	82
75	85
75	86
75	92
75	96
75	97
75	99
76	80
76	88
76	89
76	92
76	94
76	95
77	85
77	86
77	88
77	91
78	80
78	89
78	90
78	91
79	87
79	88
79	97
80	92
80	95
80	99
81	82
81	89
81	93
81	94
81	99
82	85
82	91
82	92
82	97
83	84
83	86
83	90
84	87
84	89
84	92
85	86
85	95
86	89
87	95
87	97
88	90
88	91
88	96
89	90
89	92
89	99
90	98
91	94
92	93
92	98
92	99
94	96
95	98
96	97
96	99
