# Undirected graph (each unordered pair of nodes is saved once): datasets/final/graph_100_2000.txt
# Undirected Erdos-Renyi random graph.
# Nodes: 100 Edges: 2000
# NodeId	NodeId
0	3
0	6
0	14
0	15
0	17
0	18
0	20
0	22
0	23
0	24
0	26
0	27
0	28
0	29
0	30
0	31
0	32
0	33
0	34
0	35
0	37
0	40
0	42
0	43
0	44
0	45
0	50
0	51
0	54
0	57
0	60
0	61
0	62
0	64
0	65
0	66
0	69
0	70
0	72
0	77
0	78
0	79
0	86
0	87
0	88
0	89
0	94
0	95
0	98
0	99
1	2
1	5
1	6
1	12
1	16
1	17
1	20
1	23
1	24
1	25
1	26
1	29
1	30
1	31
1	33
1	35
1	36
1	42
1	43
1	47
1	50
1	55
1	61
1	63
1	66
1	68
1	69
1	70
1	73
1	75
1	84
1	86
1	87
1	90
1	91
1	95
1	99
2	4
2	5
2	6
2	10
2	11
2	12
2	13
2	16
2	18
2	22
2	23
2	28
2	32
2	34
2	36
2	37
2	38
2	41
2	42
2	44
2	46
2	48
2	49
2	50
2	52
2	54
2	55
2	59
2	60
2	62
2	63
2	66
2	68
2	71
2	76
2	77
2	78
2	81
2	82
2	83
2	84
2	88
2	91
2	93
2	99
3	5
3	11
3	12
3	13
3	16
3	17
3	18
3	21
3	23
3	24
3	25
3	26
3	27
3	35
3	38
3	40
3	44
3	46
3	47
3	51
3	52
3	56
3	57
3	60
3	61
3	63
3	65
3	71
3	72
3	74
3	77
3	81
3	82
3	83
3	89
3	91
3	94
4	11
4	14
4	15
4	16
4	18
4	23
4	25
4	27
4	29
4	31
4	33
4	34
4	45
4	46
4	49
4	52
4	53
4	55
4	56
4	57
4	60
4	61
4	64
4	65
4	69
4	71
4	72
4	73
4	75
4	76
4	77
4	78
4	81
4	85
4	92
4	93
4	95
4	98
5	9
5	11
5	12
5	13
5	16
5	17
5	18
5	20
5	21
5	22
5	24
5	30
5	31
5	32
5	33
5	40
5	42
5	46
5	48
5	50
5	53
5	54
5	55
5	60
5	61
5	62
5	64
5	68
5	73
5	74
5	76
5	79
5	80
5	83
5	84
5	85
5	89
5	90
5	93
5	96
6	11
6	13
6	15
6	16
6	20
6	25
6	29
6	30
6	31
6	35
6	39
6	43
6	45
6	48
6	52
6	54
6	56
6	59
6	60
6	62
6	63
6	69
6	70
6	73
6	75
6	76
6	78
6	83
6	84
6	85
6	87
6	94
6	97
6	99
7	8
7	9
7	10
7	17
7	18
7	19
7	22
7	23
7	25
7	26
7	28
7	29
7	30
7	32
7	35
7	38
7	41
7	44
7	45
7	46
7	48
7	50
7	51
7	58
7	61
7	66
7	67
7	69
7	70
7	72
7	74
7	75
7	77
7	79
7	84
7	86
7	91
7	93
7	97
7	98
8	12
8	13
8	18
8	29
8	38
8	43
8	44
8	52
8	57
8	59
8	60
8	65
8	72
8	73
8	74
8	77
8	84
8	90
8	96
8	97
9	10
9	11
9	15
9	16
9	18
9	19
9	20
9	24
9	25
9	29
9	34
9	36
9	38
9	39
9	40
9	42
9	45
9	46
9	47
9	49
9	50
9	51
9	52
9	60
9	63
9	64
9	65
9	68
9	70
9	71
9	72
9	73
9	78
9	79
9	88
9	89
9	92
9	93
9	97
9	98
10	11
10	13
10	15
10	20
10	21
10	25
10	26
10	27
10	29
10	31
10	33
10	34
10	38
10	42
10	44
10	45
10	48
10	51
10	53
10	55
10	56
10	58
10	60
10	64
10	67
10	68
10	73
10	77
10	81
10	82
10	83
10	86
10	87
10	89
10	90
10	92
10	93
10	97
10	99
11	16
11	17
11	18
11	42
11	43
11	45
11	47
11	49
11	50
11	52
11	60
11	61
11	62
11	65
11	66
11	68
11	73
11	74
11	76
11	77
11	78
11	79
11	80
11	82
11	84
11	85
11	88
11	89
11	94
11	97
11	98
12	13
12	15
12	16
12	18
12	20
12	21
12	22
12	26
12	29
12	30
12	33
12	34
12	37
12	38
12	41
12	51
12	57
12	58
12	59
12	60
12	63
12	65
12	66
12	70
12	73
12	74
12	75
12	77
12	80
12	82
12	83
12	86
12	87
12	90
12	92
12	93
12	94
12	95
12	97
13	15
13	18
13	19
13	20
13	21
13	24
13	25
13	26
13	28
13	32
13	35
13	36
13	37
13	38
13	40
13	41
13	42
13	44
13	45
13	47
13	48
13	49
13	52
13	53
13	66
13	67
13	71
13	74
13	75
13	80
13	84
13	85
13	86
13	93
13	95
13	98
13	99
14	15
14	16
14	18
14	20
14	24
14	25
14	30
14	33
14	37
14	38
14	39
14	44
14	47
14	50
14	52
14	54
14	55
14	56
14	59
14	62
14	64
14	65
14	68
14	69
14	72
14	74
14	76
14	78
14	80
14	84
14	89
14	90
14	91
14	98
15	17
15	18
15	20
15	21
15	22
15	28
15	30
15	32
15	33
15	34
15	35
15	39
15	53
15	54
15	56
15	58
15	59
15	60
15	61
15	63
15	64
15	65
15	67
15	68
15	70
15	71
15	72
15	73
15	74
15	78
15	80
15	81
15	82
15	83
15	84
15	88
15	89
15	91
15	92
15	93
15	94
15	97
16	17
16	19
16	22
16	23
16	27
16	29
16	37
16	42
16	43
16	44
16	46
16	48
16	49
16	54
16	57
16	58
16	61
16	64
16	69
16	71
16	72
16	74
16	76
16	77
16	78
16	80
16	81
16	84
16	85
16	86
16	90
16	91
16	92
16	93
16	95
16	96
16	97
17	26
17	29
17	30
17	31
17	33
17	34
17	36
17	39
17	41
17	43
17	45
17	47
17	49
17	50
17	53
17	57
17	58
17	59
17	60
17	61
17	63
17	65
17	66
17	67
17	70
17	73
17	77
17	81
17	82
17	83
17	84
17	85
17	86
17	87
17	91
17	92
17	96
17	97
17	98
17	99
18	20
18	25
18	26
18	27
18	31
18	34
18	40
18	44
18	46
18	49
18	50
18	51
18	56
18	57
18	65
18	66
18	68
18	71
18	72
18	75
18	76
18	80
18	81
18	82
18	84
18	87
18	88
18	89
18	92
18	93
18	95
18	96
18	97
18	99
19	22
19	26
19	27
19	28
19	33
19	44
19	49
19	52
19	55
19	56
19	57
19	58
19	72
19	73
19	75
19	77
19	81
19	82
19	85
19	88
19	89
19	91
19	96
19	97
19	98
20	24
20	27
20	28
20	29
20	36
20	39
20	45
20	48
20	49
20	51
20	53
20	54
20	55
20	57
20	58
20	60
20	69
20	71
20	73
20	77
20	78
20	80
20	82
20	92
20	94
20	95
20	96
20	99
21	25
21	43
21	44
21	45
21	46
21	47
21	50
21	51
21	53
21	54
21	61
21	62
21	66
21	67
21	70
21	71
21	75
21	79
21	80
21	83
21	84
21	85
21	86
21	87
21	88
21	90
22	24
22	27
22	28
22	29
22	32
22	38
22	40
22	41
22	42
22	46
22	48
22	51
22	55
22	59
22	61
22	64
22	70
22	71
22	72
22	73
22	84
22	85
22	86
22	87
22	88
22	92
22	93
22	94
22	97
23	24
23	27
23	33
23	34
23	38
23	44
23	50
23	53
23	54
23	56
23	57
23	58
23	64
23	65
23	66
23	68
23	71
23	75
23	77
23	80
23	86
23	88
23	90
23	97
24	35
24	36
24	38
24	42
24	43
24	44
24	46
24	50
24	52
24	56
24	59
24	65
24	67
24	71
24	72
24	76
24	78
24	80
24	81
24	84
24	86
24	88
24	94
24	96
24	97
25	26
25	31
25	32
25	35
25	39
25	40
25	42
25	46
25	47
25	49
25	52
25	54
25	58
25	59
25	60
25	65
25	68
25	69
25	70
25	71
25	73
25	74
25	75
25	76
25	77
25	78
25	79
25	80
25	81
25	84
25	86
25	88
25	89
25	91
25	96
25	99
26	29
26	30
26	34
26	36
26	41
26	42
26	44
26	45
26	46
26	48
26	52
26	57
26	61
26	62
26	63
26	67
26	68
26	69
26	70
26	72
26	75
26	76
26	77
26	78
26	79
26	81
26	83
26	85
26	86
26	89
26	94
26	95
27	32
27	35
27	36
27	39
27	40
27	43
27	44
27	46
27	49
27	51
27	54
27	56
27	57
27	59
27	65
27	66
27	68
27	69
27	70
27	74
27	76
27	78
27	79
27	84
27	86
27	91
27	94
27	95
27	96
27	99
28	29
28	32
28	33
28	37
28	38
28	39
28	42
28	43
28	47
28	49
28	51
28	52
28	53
28	54
28	58
28	60
28	62
28	64
28	66
28	68
28	71
28	73
28	74
28	77
28	79
28	82
28	83
28	85
28	89
28	90
28	91
28	96
28	98
28	99
29	30
29	34
29	35
29	37
29	39
29	41
29	45
29	47
29	48
29	50
29	51
29	55
29	57
29	60
29	62
29	63
29	66
29	67
29	68
29	69
29	71
29	72
29	73
29	74
29	76
29	78
29	81
29	84
29	86
29	87
29	88
29	92
29	93
29	95
29	98
30	38
30	41
30	42
30	44
30	46
30	47
30	51
30	52
30	53
30	55
30	56
30	57
30	59
30	63
30	64
30	65
30	66
30	75
30	77
30	78
30	83
30	88
30	94
30	95
30	96
30	97
30	98
31	33
31	35
31	37
31	44
31	46
31	47
31	48
31	53
31	56
31	57
31	59
31	60
31	63
31	66
31	68
31	69
31	70
31	72
31	74
31	76
31	77
31	78
31	89
31	91
31	92
31	94
31	98
31	99
32	34
32	35
32	36
32	40
32	41
32	45
32	50
32	53
32	55
32	57
32	58
32	60
32	62
32	65
32	67
32	68
32	70
32	71
32	72
32	73
32	74
32	76
32	80
32	86
32	89
32	90
32	92
32	94
32	95
33	35
33	36
33	37
33	39
33	41
33	43
33	44
33	46
33	49
33	51
33	53
33	57
33	58
33	59
33	65
33	66
33	67
33	69
33	71
33	72
33	74
33	78
33	79
33	80
33	87
33	91
33	92
33	94
33	95
34	35
34	38
34	39
34	42
34	46
34	52
34	56
34	57
34	58
34	60
34	62
34	63
34	64
34	67
34	70
34	71
34	73
34	79
34	80
34	83
34	84
34	87
34	88
34	91
34	92
34	93
34	94
34	95
34	98
35	36
35	39
35	40
35	46
35	51
35	55
35	57
35	59
35	60
35	64
35	66
35	67
35	69
35	70
35	71
35	73
35	76
35	78
35	80
35	81
35	84
35	86
35	87
35	88
35	89
35	90
35	91
35	93
35	94
35	98
35	99
36	42
36	45
36	46
36	47
36	49
36	53
36	59
36	60
36	65
36	66
36	67
36	69
36	70
36	72
36	73
36	74
36	75
36	76
36	80
36	81
36	83
36	84
36	86
36	88
36	89
36	97
37	38
37	39
37	40
37	46
37	53
37	54
37	55
37	57
37	59
37	62
37	63
37	64
37	65
37	66
37	68
37	71
37	72
37	74
37	77
37	78
37	79
37	81
37	83
37	84
37	85
37	89
37	90
37	95
37	99
38	39
38	40
38	41
38	43
38	46
38	49
38	53
38	54
38	55
38	56
38	58
38	60
38	62
38	63
38	67
38	70
38	72
38	76
38	81
38	82
38	83
38	84
38	86
38	88
38	94
38	96
39	41
39	43
39	47
39	49
39	53
39	55
39	57
39	58
39	59
39	60
39	61
39	62
39	64
39	71
39	73
39	78
39	79
39	80
39	85
39	89
39	93
39	94
40	42
40	48
40	53
40	57
40	58
40	59
40	60
40	64
40	66
40	69
40	70
40	72
40	77
40	79
40	81
40	86
40	87
40	88
40	92
40	93
40	94
40	98
40	99
41	46
41	48
41	53
41	58
41	59
41	66
41	68
41	72
41	74
41	75
41	77
41	81
41	85
41	88
41	93
41	94
41	95
41	96
41	98
42	43
42	45
42	49
42	52
42	54
42	59
42	63
42	65
42	69
42	73
42	78
42	79
42	80
42	88
42	89
42	95
42	96
43	44
43	45
43	47
43	51
43	57
43	58
43	60
43	61
43	62
43	64
43	67
43	69
43	77
43	78
43	83
43	86
43	89
43	91
43	93
43	96
43	97
43	98
43	99
44	45
44	49
44	52
44	54
44	56
44	58
44	61
44	63
44	68
44	70
44	71
44	72
44	73
44	82
44	84
44	85
44	93
44	95
44	98
45	47
45	51
45	54
45	55
45	56
45	59
45	63
45	64
45	65
45	68
45	70
45	71
45	72
45	73
45	78
45	79
45	81
45	87
45	88
45	89
45	90
45	92
45	94
45	95
45	98
45	99
46	47
46	52
46	57
46	58
46	59
46	60
46	61
46	63
46	68
46	71
46	72
46	75
46	78
46	84
46	86
46	89
46	90
46	94
47	48
47	54
47	60
47	65
47	67
47	68
47	70
47	71
47	72
47	73
47	74
47	75
47	77
47	79
47	81
47	87
47	89
47	94
47	95
48	53
48	54
48	56
48	58
48	60
48	61
48	62
48	63
48	64
48	67
48	70
48	71
48	76
48	78
48	80
48	86
48	91
48	92
48	93
48	98
49	51
49	53
49	55
49	56
49	62
49	64
49	65
49	67
49	68
49	69
49	71
49	74
49	80
49	82
49	83
49	84
49	86
49	87
49	88
49	89
49	90
49	91
49	94
49	95
49	98
50	51
50	52
50	63
50	65
50	69
50	70
50	71
50	73
50	74
50	75
50	77
50	78
50	79
50	81
50	82
50	84
50	89
50	90
50	93
50	95
50	96
50	97
50	98
50	99
51	54
51	56
51	63
51	67
51	69
51	74
51	76
51	79
51	89
51	90
51	92
51	93
51	94
51	98
51	99
52	57
52	59
52	61
52	62
52	65
52	68
52	70
52	71
52	76
52	77
52	78
52	82
52	87
52	88
52	89
52	91
52	96
53	61
53	63
53	64
53	67
53	68
53	74
53	75
53	78
53	81
53	83
53	84
53	86
53	87
53	92
53	93
53	94
53	97
53	98
54	55
54	56
54	59
54	60
54	61
54	63
54	66
54	82
54	86
54	87
54	89
54	97
54	98
55	57
55	58
55	60
55	66
55	67
55	68
55	69
55	70
55	75
55	77
55	79
55	84
55	85
55	86
55	91
55	93
55	97
56	58
56	59
56	63
56	66
56	67
56	70
56	72
56	73
56	74
56	75
56	77
56	78
56	79
56	80
56	81
56	85
56	93
56	94
56	95
56	97
57	58
57	62
57	63
57	65
57	68
57	74
57	76
57	79
57	80
57	81
57	82
57	91
57	98
58	60
58	62
58	64
58	67
58	68
58	70
58	73
58	76
58	83
58	88
58	90
58	91
58	93
58	94
58	96
58	97
58	99
59	60
59	61
59	64
59	65
59	68
59	71
59	72
59	81
59	88
59	89
59	93
59	95
59	97
59	98
60	61
60	62
60	64
60	65
60	66
60	67
60	69
60	70
60	72
60	74
60	75
60	77
60	84
60	88
60	91
60	92
60	97
60	98
60	99
61	62
61	65
61	67
61	68
61	70
61	71
61	73
61	76
61	78
61	82
61	83
61	85
61	91
61	93
61	99
62	64
62	67
62	68
62	69
62	70
62	71
62	74
62	76
62	84
62	85
62	86
62	92
62	96
62	97
62	99
63	64
63	68
63	71
63	74
63	75
63	76
63	81
63	82
63	84
63	85
63	87
63	92
63	95
63	96
63	97
63	99
64	69
64	71
64	72
64	73
64	75
64	76
64	77
64	79
64	83
64	94
64	95
64	96
64	99
65	71
65	74
65	77
65	84
65	86
65	87
65	93
65	96
65	99
66	67
66	70
66	74
66	78
66	79
66	81
66	85
66	87
66	90
66	93
66	96
66	98
66	99
67	73
67	78
67	80
67	84
67	92
67	94
67	95
68	70
68	73
68	75
68	86
68	98
69	70
69	75
69	77
69	82
69	83
69	85
69	88
69	89
69	90
69	95
69	97
70	71
70	73
70	74
70	78
70	82
70	85
70	92
70	95
70	96
70	98
70	99
71	72
71	74
71	76
71	78
71	79
71	83
71	85
71	86
71	87
71	88
71	95
71	97
71	98
72	73
72	74
72	79
72	81
72	85
72	87
72	88
72	89
72	90
72	92
72	94
72	96
72	97
72	98
73	74
73	75
73	76
73	77
73	80
73	81
73	83
73	84
73	91
73	92
73	96
73	97
73	98
74	75
74	78
74	79
74	80
74	81
74	84
74	86
74	87
74	93
74	95
75	76
75	77
75	79
75	82
75	90
75	91
75	93
75	95
75	98
76	78
76	82
76	83
76	85
76	87
76	89
76	90
76	94
76	96
77	78
77	81
77	82
77	84
77	85
77	87
77	90
77	91
77	94
77	95
77	97
77	99
78	81
78	87
78	88
78	90
78	96
78	97
79	83
79	84
79	85
79	87
79	88
79	89
79	91
79	92
79	93
79	94
79	97
80	82
80	84
80	86
80	87
80	88
80	92
80	97
80	98
81	82
81	83
81	86
81	90
81	92
81	93
81	94
82	83
82	84
82	86
82	90
82	94
83	84
83	86
83	87
83	88
83	89
83	90
83	92
83	95
83	98
83	99
84	89
84	90
84	91
84	95
84	99
85	87
85	90
85	91
85	93
85	94
85	95
85	96
85	99
86	88
86	89
86	93
86	94
86	99
87	88
87	92
87	98
87	99
88	90
88	91
88	94
88	98
88	99
89	92
89	93
89	96
89	97
89	99
90	93
90	96
90	97
91	93
91	95
92	93
92	94
92	96
92	97
93	94
93	96
94	96
95	97
95	99
97	98
98	99
