# Undirected graph (each unordered pair of nodes is saved once): datasets/final/100/graph_100_3000.txt
# Undirected Erdos-Renyi random graph.
# Nodes: 100 Edges: 3000
# NodeId	NodeId
0	2
0	4
0	5
0	6
0	8
0	9
0	14
0	17
0	18
0	20
0	21
0	22
0	23
0	24
0	28
0	30
0	31
0	32
0	34
0	35
0	36
0	37
0	38
0	39
0	41
0	42
0	43
0	45
0	46
0	47
0	48
0	49
0	51
0	52
0	53
0	57
0	58
0	61
0	62
0	63
0	64
0	66
0	67
0	70
0	71
0	72
0	74
0	75
0	76
0	77
0	79
0	80
0	81
0	82
0	83
0	84
0	85
0	87
0	88
0	89
0	91
0	92
0	93
0	94
0	97
0	99
1	3
1	5
1	7
1	8
1	9
1	11
1	12
1	13
1	14
1	15
1	16
1	19
1	21
1	23
1	24
1	25
1	26
1	29
1	30
1	31
1	32
1	35
1	36
1	37
1	38
1	39
1	40
1	41
1	42
1	44
1	45
1	46
1	48
1	49
1	54
1	55
1	56
1	57
1	61
1	64
1	67
1	68
1	69
1	70
1	71
1	72
1	73
1	74
1	77
1	79
1	80
1	84
1	86
1	87
1	88
1	89
1	92
1	94
1	96
1	97
1	99
2	3
2	4
2	6
2	8
2	9
2	10
2	16
2	17
2	18
2	19
2	20
2	21
2	25
2	27
2	28
2	32
2	33
2	37
2	38
2	39
2	40
2	42
2	43
2	44
2	45
2	47
2	48
2	49
2	50
2	52
2	53
2	56
2	58
2	59
2	61
2	63
2	64
2	65
2	67
2	68
2	69
2	70
2	74
2	75
2	77
2	78
2	79
2	80
2	81
2	82
2	83
2	84
2	85
2	89
2	90
2	92
2	93
2	94
2	96
3	4
3	5
3	7
3	8
3	10
3	11
3	15
3	17
3	19
3	20
3	22
3	23
3	24
3	25
3	27
3	28
3	29
3	30
3	32
3	33
3	34
3	36
3	38
3	39
3	40
3	41
3	42
3	43
3	44
3	45
3	46
3	47
3	48
3	49
3	51
3	52
3	53
3	54
3	56
3	57
3	58
3	59
3	61
3	63
3	64
3	66
3	67
3	68
3	70
3	71
3	74
3	76
3	78
3	79
3	81
3	82
3	83
3	84
3	85
3	88
3	89
3	90
3	93
3	94
3	98
3	99
4	5
4	6
4	7
4	8
4	9
4	11
4	13
4	19
4	24
4	25
4	26
4	28
4	30
4	31
4	32
4	34
4	35
4	36
4	37
4	38
4	39
4	42
4	43
4	45
4	46
4	47
4	48
4	49
4	50
4	52
4	55
4	56
4	60
4	61
4	62
4	64
4	66
4	68
4	69
4	70
4	73
4	74
4	75
4	76
4	78
4	80
4	81
4	83
4	85
4	86
4	88
4	89
4	90
4	91
4	92
4	94
4	95
4	96
4	97
5	7
5	10
5	11
5	12
5	13
5	14
5	20
5	21
5	24
5	26
5	27
5	28
5	30
5	31
5	33
5	34
5	36
5	37
5	41
5	42
5	43
5	46
5	47
5	49
5	54
5	55
5	57
5	59
5	63
5	64
5	66
5	67
5	68
5	70
5	72
5	73
5	74
5	75
5	77
5	78
5	79
5	80
5	83
5	85
5	86
5	87
5	88
5	89
5	92
5	93
5	95
5	96
5	97
5	98
6	7
6	8
6	9
6	10
6	11
6	15
6	16
6	18
6	19
6	20
6	21
6	22
6	24
6	25
6	27
6	30
6	31
6	32
6	33
6	36
6	37
6	38
6	39
6	40
6	41
6	44
6	45
6	46
6	48
6	49
6	50
6	52
6	56
6	58
6	59
6	60
6	62
6	66
6	67
6	68
6	69
6	70
6	71
6	72
6	74
6	75
6	76
6	78
6	80
6	81
6	83
6	84
6	86
6	87
6	88
6	90
6	91
6	93
6	94
6	96
6	98
6	99
7	8
7	13
7	16
7	17
7	20
7	21
7	22
7	23
7	24
7	25
7	27
7	29
7	30
7	31
7	33
7	34
7	36
7	39
7	45
7	47
7	50
7	53
7	56
7	58
7	60
7	61
7	62
7	63
7	64
7	65
7	66
7	67
7	69
7	70
7	72
7	73
7	78
7	79
7	81
7	83
7	84
7	85
7	87
7	89
7	91
7	92
7	95
7	96
7	97
7	98
7	99
8	13
8	14
8	15
8	19
8	21
8	22
8	23
8	24
8	25
8	27
8	29
8	30
8	31
8	35
8	38
8	39
8	40
8	41
8	42
8	43
8	44
8	47
8	49
8	52
8	53
8	54
8	57
8	58
8	59
8	60
8	61
8	62
8	64
8	66
8	68
8	70
8	71
8	73
8	75
8	76
8	77
8	78
8	80
8	83
8	84
8	85
8	86
8	87
8	88
8	89
8	91
8	92
8	95
8	96
8	99
9	10
9	13
9	14
9	15
9	16
9	17
9	18
9	19
9	21
9	22
9	24
9	25
9	26
9	29
9	31
9	32
9	33
9	35
9	36
9	37
9	38
9	40
9	41
9	42
9	44
9	45
9	47
9	48
9	49
9	50
9	51
9	53
9	55
9	58
9	59
9	60
9	64
9	65
9	66
9	69
9	71
9	72
9	73
9	74
9	75
9	81
9	84
9	86
9	88
9	90
9	91
9	92
9	94
9	99
10	11
10	12
10	15
10	20
10	21
10	25
10	26
10	27
10	29
10	30
10	31
10	32
10	33
10	34
10	36
10	37
10	38
10	39
10	40
10	42
10	44
10	45
10	46
10	50
10	52
10	53
10	54
10	55
10	56
10	57
10	59
10	60
10	63
10	71
10	73
10	74
10	75
10	76
10	83
10	84
10	86
10	91
10	92
10	94
10	95
10	96
10	98
10	99
11	16
11	17
11	18
11	19
11	20
11	21
11	24
11	26
11	27
11	28
11	29
11	31
11	32
11	36
11	37
11	41
11	42
11	45
11	46
11	48
11	49
11	51
11	52
11	53
11	54
11	55
11	56
11	57
11	58
11	59
11	61
11	62
11	64
11	65
11	67
11	68
11	69
11	70
11	71
11	72
11	74
11	75
11	77
11	78
11	79
11	80
11	81
11	86
11	87
11	89
11	91
11	94
11	95
11	96
11	99
12	13
12	18
12	19
12	20
12	21
12	23
12	25
12	28
12	30
12	32
12	33
12	34
12	35
12	36
12	37
12	38
12	39
12	40
12	41
12	43
12	44
12	45
12	46
12	47
12	48
12	50
12	52
12	54
12	55
12	56
12	57
12	58
12	59
12	60
12	61
12	67
12	68
12	72
12	74
12	75
12	77
12	82
12	83
12	84
12	85
12	87
12	88
12	89
12	91
12	92
12	95
12	97
12	98
13	14
13	17
13	19
13	20
13	21
13	24
13	25
13	26
13	27
13	28
13	29
13	30
13	31
13	32
13	34
13	35
13	37
13	38
13	39
13	44
13	46
13	48
13	50
13	52
13	54
13	57
13	59
13	60
13	63
13	66
13	67
13	68
13	69
13	71
13	74
13	76
13	77
13	78
13	80
13	81
13	83
13	86
13	89
13	91
13	92
13	95
13	98
14	15
14	19
14	20
14	22
14	24
14	25
14	27
14	30
14	31
14	32
14	33
14	34
14	35
14	37
14	38
14	40
14	41
14	42
14	43
14	45
14	46
14	54
14	55
14	59
14	60
14	61
14	62
14	63
14	64
14	66
14	67
14	68
14	70
14	72
14	74
14	76
14	77
14	78
14	81
14	82
14	84
14	90
14	92
14	94
14	95
14	96
14	98
15	16
15	19
15	20
15	23
15	27
15	28
15	30
15	31
15	32
15	34
15	35
15	37
15	39
15	40
15	42
15	43
15	44
15	48
15	49
15	50
15	52
15	53
15	54
15	55
15	56
15	57
15	59
15	61
15	62
15	64
15	65
15	66
15	67
15	68
15	70
15	74
15	75
15	77
15	80
15	81
15	82
15	84
15	85
15	87
15	89
15	90
15	91
15	92
15	94
15	95
15	97
15	98
15	99
16	17
16	18
16	19
16	20
16	21
16	22
16	23
16	26
16	27
16	28
16	30
16	33
16	34
16	35
16	36
16	37
16	38
16	40
16	41
16	42
16	43
16	44
16	45
16	46
16	47
16	48
16	49
16	50
16	51
16	53
16	55
16	56
16	57
16	61
16	63
16	64
16	65
16	66
16	68
16	69
16	70
16	71
16	72
16	73
16	74
16	75
16	79
16	80
16	83
16	84
16	86
16	87
16	90
16	91
16	92
16	93
16	94
16	96
16	98
16	99
17	19
17	23
17	24
17	27
17	29
17	31
17	32
17	34
17	35
17	37
17	38
17	39
17	45
17	46
17	48
17	50
17	51
17	52
17	55
17	56
17	57
17	59
17	61
17	62
17	63
17	64
17	66
17	67
17	69
17	71
17	72
17	74
17	75
17	76
17	78
17	79
17	80
17	82
17	84
17	86
17	87
17	89
17	90
17	93
17	96
17	97
17	98
17	99
18	20
18	21
18	22
18	23
18	24
18	25
18	26
18	27
18	29
18	30
18	31
18	32
18	33
18	35
18	38
18	39
18	40
18	41
18	43
18	46
18	47
18	49
18	50
18	51
18	52
18	54
18	57
18	59
18	60
18	61
18	66
18	67
18	68
18	70
18	71
18	76
18	78
18	79
18	80
18	82
18	83
18	86
18	88
18	89
18	90
18	91
18	92
18	93
18	95
19	20
19	21
19	22
19	24
19	26
19	29
19	32
19	33
19	34
19	35
19	37
19	39
19	40
19	43
19	44
19	45
19	47
19	48
19	53
19	54
19	58
19	59
19	61
19	62
19	63
19	65
19	67
19	68
19	71
19	73
19	75
19	77
19	78
19	80
19	82
19	84
19	86
19	90
19	91
19	92
19	93
19	94
19	96
19	98
19	99
20	23
20	26
20	28
20	29
20	30
20	31
20	32
20	34
20	35
20	36
20	38
20	41
20	42
20	43
20	44
20	45
20	46
20	49
20	50
20	52
20	53
20	54
20	55
20	56
20	58
20	61
20	63
20	64
20	65
20	68
20	71
20	72
20	74
20	75
20	76
20	77
20	78
20	79
20	82
20	85
20	86
20	87
20	88
20	89
20	90
20	91
20	92
20	94
20	96
20	97
20	98
20	99
21	22
21	23
21	25
21	27
21	28
21	30
21	31
21	32
21	33
21	34
21	36
21	37
21	38
21	39
21	41
21	42
21	43
21	46
21	47
21	48
21	49
21	51
21	54
21	56
21	58
21	59
21	61
21	62
21	63
21	64
21	67
21	69
21	70
21	73
21	74
21	75
21	78
21	79
21	81
21	82
21	83
21	84
21	86
21	88
21	89
21	92
21	94
21	96
21	97
21	98
21	99
22	23
22	25
22	30
22	31
22	32
22	34
22	36
22	37
22	40
22	41
22	42
22	47
22	48
22	49
22	51
22	57
22	58
22	59
22	60
22	61
22	65
22	66
22	67
22	68
22	69
22	72
22	73
22	75
22	78
22	79
22	80
22	82
22	83
22	84
22	86
22	87
22	88
22	91
22	94
22	95
22	96
22	97
22	99
23	24
23	26
23	27
23	28
23	30
23	31
23	33
23	34
23	35
23	36
23	37
23	38
23	39
23	40
23	43
23	44
23	45
23	46
23	47
23	49
23	50
23	51
23	52
23	55
23	56
23	57
23	58
23	60
23	63
23	64
23	66
23	69
23	71
23	72
23	73
23	76
23	79
23	81
23	82
23	83
23	84
23	86
23	87
23	88
23	89
23	90
23	93
23	94
23	95
23	97
23	98
23	99
24	25
24	27
24	28
24	29
24	30
24	36
24	37
24	38
24	40
24	41
24	42
24	43
24	44
24	45
24	47
24	48
24	49
24	52
24	53
24	55
24	56
24	57
24	59
24	63
24	64
24	65
24	69
24	71
24	72
24	73
24	74
24	75
24	77
24	78
24	80
24	81
24	82
24	85
24	86
24	87
24	88
24	91
24	93
24	94
24	96
24	97
24	99
25	26
25	30
25	32
25	33
25	36
25	37
25	38
25	39
25	41
25	42
25	43
25	44
25	52
25	59
25	61
25	63
25	64
25	65
25	66
25	69
25	70
25	71
25	72
25	73
25	75
25	76
25	77
25	79
25	80
25	81
25	84
25	85
25	86
25	88
25	89
25	90
25	92
25	94
25	96
25	97
25	99
26	33
26	34
26	35
26	36
26	37
26	38
26	39
26	42
26	43
26	44
26	45
26	46
26	48
26	51
26	52
26	54
26	55
26	56
26	59
26	60
26	61
26	62
26	64
26	65
26	68
26	70
26	71
26	72
26	75
26	78
26	79
26	81
26	82
26	84
26	85
26	86
26	88
26	89
26	94
26	95
26	97
26	99
27	29
27	30
27	31
27	32
27	33
27	34
27	36
27	37
27	38
27	39
27	41
27	42
27	43
27	44
27	45
27	46
27	49
27	50
27	51
27	52
27	54
27	55
27	58
27	59
27	61
27	63
27	64
27	65
27	67
27	68
27	69
27	71
27	72
27	74
27	75
27	76
27	78
27	80
27	82
27	83
27	84
27	89
27	93
27	94
27	96
27	97
27	98
27	99
28	30
28	34
28	35
28	36
28	39
28	40
28	41
28	42
28	45
28	47
28	49
28	50
28	52
28	54
28	55
28	57
28	58
28	59
28	61
28	62
28	64
28	66
28	67
28	68
28	71
28	72
28	74
28	75
28	76
28	78
28	79
28	81
28	83
28	84
28	85
28	86
28	87
28	89
28	91
28	93
28	94
28	96
28	97
28	98
28	99
29	30
29	32
29	34
29	35
29	36
29	38
29	39
29	44
29	45
29	48
29	49
29	53
29	54
29	55
29	56
29	58
29	62
29	63
29	68
29	69
29	71
29	73
29	74
29	75
29	81
29	82
29	83
29	84
29	85
29	86
29	89
29	92
29	93
29	95
29	98
29	99
30	33
30	34
30	35
30	36
30	37
30	39
30	40
30	41
30	42
30	43
30	44
30	46
30	48
30	49
30	50
30	51
30	52
30	53
30	54
30	56
30	59
30	60
30	61
30	62
30	63
30	64
30	72
30	74
30	77
30	78
30	79
30	81
30	83
30	84
30	90
30	92
30	93
30	96
30	97
30	99
31	32
31	34
31	38
31	39
31	40
31	41
31	42
31	43
31	45
31	46
31	47
31	49
31	53
31	54
31	56
31	57
31	58
31	60
31	61
31	63
31	64
31	66
31	67
31	69
31	70
31	72
31	73
31	76
31	77
31	78
31	79
31	81
31	82
31	84
31	85
31	86
31	88
31	89
31	91
31	93
31	96
31	97
31	98
31	99
32	36
32	37
32	38
32	39
32	40
32	41
32	43
32	44
32	45
32	47
32	49
32	50
32	52
32	53
32	54
32	55
32	56
32	57
32	58
32	60
32	62
32	63
32	64
32	67
32	68
32	70
32	73
32	75
32	76
32	77
32	79
32	80
32	81
32	82
32	84
32	89
32	90
32	91
32	92
32	93
32	94
32	95
32	96
32	98
32	99
33	34
33	38
33	41
33	42
33	44
33	45
33	49
33	50
33	52
33	53
33	54
33	55
33	57
33	58
33	59
33	60
33	62
33	63
33	65
33	67
33	68
33	72
33	73
33	75
33	76
33	77
33	80
33	81
33	83
33	84
33	86
33	87
33	88
33	89
33	90
33	91
33	92
33	93
33	94
34	36
34	37
34	39
34	41
34	42
34	44
34	45
34	46
34	47
34	49
34	50
34	51
34	52
34	53
34	56
34	58
34	59
34	63
34	65
34	67
34	68
34	72
34	73
34	74
34	75
34	76
34	77
34	78
34	79
34	80
34	81
34	82
34	83
34	85
34	87
34	88
34	89
34	93
34	94
34	97
34	98
35	37
35	38
35	40
35	41
35	42
35	43
35	45
35	46
35	47
35	48
35	49
35	51
35	52
35	54
35	58
35	61
35	62
35	63
35	64
35	65
35	67
35	68
35	70
35	76
35	78
35	81
35	82
35	83
35	87
35	88
35	89
35	90
35	91
35	92
35	95
35	96
35	98
36	38
36	39
36	40
36	42
36	43
36	46
36	50
36	51
36	52
36	53
36	54
36	55
36	56
36	58
36	59
36	60
36	62
36	64
36	65
36	66
36	72
36	73
36	76
36	77
36	78
36	79
36	80
36	82
36	83
36	85
36	87
36	89
36	91
36	93
36	97
36	98
36	99
37	38
37	42
37	46
37	47
37	49
37	51
37	55
37	56
37	57
37	58
37	60
37	61
37	62
37	63
37	64
37	67
37	69
37	70
37	71
37	73
37	75
37	77
37	78
37	79
37	82
37	83
37	85
37	86
37	87
37	90
37	91
37	94
37	95
37	96
37	98
38	40
38	42
38	43
38	44
38	46
38	47
38	48
38	49
38	51
38	52
38	53
38	54
38	56
38	57
38	58
38	59
38	60
38	61
38	62
38	63
38	64
38	65
38	67
38	69
38	71
38	73
38	74
38	76
38	77
38	78
38	79
38	80
38	83
38	85
38	86
38	87
38	88
38	89
38	90
38	92
38	95
38	96
38	98
38	99
39	40
39	41
39	42
39	44
39	46
39	47
39	50
39	52
39	53
39	54
39	56
39	57
39	58
39	62
39	65
39	66
39	69
39	71
39	73
39	75
39	76
39	78
39	79
39	83
39	84
39	87
39	88
39	89
39	92
39	93
39	95
39	96
39	99
40	41
40	42
40	43
40	46
40	47
40	48
40	49
40	53
40	54
40	55
40	56
40	58
40	60
40	61
40	64
40	65
40	66
40	67
40	69
40	70
40	71
40	73
40	74
40	75
40	77
40	78
40	81
40	82
40	85
40	86
40	87
40	88
40	89
40	90
40	92
40	95
40	96
40	99
41	44
41	46
41	47
41	53
41	54
41	55
41	56
41	59
41	60
41	61
41	62
41	63
41	66
41	67
41	70
41	73
41	78
41	79
41	81
41	83
41	86
41	87
41	89
41	90
41	91
41	92
41	94
41	96
41	97
41	99
42	44
42	45
42	46
42	47
42	48
42	49
42	50
42	51
42	52
42	53
42	55
42	56
42	57
42	58
42	59
42	60
42	63
42	65
42	67
42	68
42	71
42	73
42	74
42	77
42	79
42	82
42	86
42	87
42	89
42	91
42	93
42	96
42	97
43	44
43	47
43	48
43	49
43	50
43	52
43	54
43	60
43	62
43	65
43	66
43	67
43	69
43	72
43	73
43	83
43	84
43	85
43	86
43	87
43	89
43	93
43	94
43	95
43	96
43	99
44	47
44	49
44	50
44	51
44	52
44	53
44	54
44	59
44	60
44	61
44	62
44	64
44	65
44	66
44	69
44	72
44	74
44	75
44	77
44	78
44	79
44	80
44	84
44	87
44	89
44	90
44	92
44	93
44	94
44	95
44	96
44	98
44	99
45	46
45	48
45	49
45	51
45	52
45	56
45	58
45	60
45	63
45	65
45	67
45	68
45	69
45	71
45	73
45	74
45	75
45	77
45	78
45	79
45	81
45	83
45	85
45	86
45	91
45	92
45	93
45	94
45	95
45	96
45	98
46	47
46	48
46	49
46	50
46	51
46	52
46	54
46	58
46	59
46	62
46	63
46	64
46	65
46	67
46	70
46	71
46	73
46	74
46	75
46	76
46	77
46	78
46	80
46	81
46	82
46	85
46	86
46	88
46	89
46	90
46	91
46	92
46	93
46	94
46	96
46	98
47	51
47	52
47	53
47	56
47	57
47	61
47	62
47	63
47	64
47	67
47	69
47	71
47	72
47	73
47	74
47	75
47	76
47	77
47	78
47	80
47	82
47	83
47	84
47	85
47	86
47	87
47	88
47	91
47	93
47	96
47	97
47	98
47	99
48	50
48	51
48	54
48	55
48	58
48	59
48	61
48	64
48	65
48	66
48	67
48	70
48	71
48	73
48	74
48	75
48	77
48	78
48	81
48	82
48	83
48	85
48	87
48	88
48	89
48	91
48	92
48	95
48	97
48	99
49	50
49	51
49	53
49	54
49	55
49	56
49	57
49	61
49	62
49	63
49	64
49	65
49	66
49	67
49	68
49	71
49	73
49	74
49	75
49	76
49	77
49	78
49	79
49	82
49	83
49	84
49	86
49	87
49	92
49	96
49	97
50	51
50	53
50	55
50	56
50	59
50	60
50	61
50	62
50	63
50	64
50	65
50	66
50	67
50	69
50	70
50	72
50	73
50	76
50	77
50	78
50	79
50	80
50	81
50	82
50	83
50	86
50	88
50	89
50	91
50	93
50	94
50	96
50	97
50	98
50	99
51	52
51	55
51	57
51	59
51	60
51	63
51	64
51	65
51	67
51	70
51	71
51	72
51	73
51	74
51	75
51	77
51	78
51	79
51	80
51	81
51	82
51	83
51	84
51	87
51	89
51	93
51	94
51	95
52	54
52	55
52	56
52	58
52	59
52	60
52	61
52	62
52	63
52	65
52	67
52	70
52	73
52	74
52	75
52	76
52	78
52	79
52	80
52	81
52	83
52	84
52	87
52	90
52	94
52	96
53	54
53	55
53	56
53	58
53	59
53	62
53	63
53	64
53	68
53	72
53	74
53	75
53	77
53	78
53	80
53	83
53	85
53	86
53	89
53	90
53	91
53	92
53	93
53	94
53	95
53	97
53	98
53	99
54	55
54	56
54	57
54	60
54	62
54	65
54	69
54	71
54	72
54	73
54	74
54	77
54	85
54	91
54	92
54	93
54	95
54	96
54	97
54	99
55	57
55	58
55	59
55	60
55	61
55	63
55	64
55	67
55	69
55	71
55	72
55	73
55	76
55	78
55	80
55	81
55	82
55	83
55	85
55	87
55	88
55	89
55	93
55	94
55	96
55	97
56	58
56	60
56	62
56	63
56	64
56	65
56	67
56	68
56	69
56	71
56	72
56	73
56	74
56	76
56	78
56	80
56	81
56	83
56	84
56	85
56	86
56	87
56	88
56	89
56	93
56	94
56	96
56	98
56	99
57	58
57	59
57	60
57	61
57	63
57	64
57	65
57	66
57	67
57	68
57	71
57	72
57	73
57	75
57	76
57	77
57	81
57	84
57	85
57	86
57	88
57	90
57	92
57	93
57	94
57	96
57	98
57	99
58	63
58	67
58	68
58	70
58	72
58	73
58	77
58	79
58	82
58	87
58	89
58	90
58	91
58	92
58	93
58	95
58	98
58	99
59	60
59	61
59	62
59	63
59	66
59	67
59	68
59	69
59	70
59	72
59	73
59	74
59	77
59	80
59	81
59	82
59	83
59	84
59	85
59	86
59	87
59	88
59	89
59	90
59	91
59	93
59	94
59	97
59	98
59	99
60	61
60	62
60	63
60	68
60	72
60	73
60	75
60	76
60	78
60	79
60	81
60	82
60	83
60	84
60	85
60	88
60	90
60	91
60	93
60	95
60	97
60	99
61	62
61	66
61	67
61	68
61	69
61	70
61	71
61	73
61	76
61	78
61	80
61	82
61	83
61	84
61	85
61	86
61	88
61	89
61	91
61	92
61	93
61	96
61	97
61	98
61	99
62	63
62	64
62	66
62	67
62	68
62	69
62	75
62	76
62	81
62	83
62	84
62	85
62	86
62	87
62	88
62	89
62	90
62	92
62	95
62	98
62	99
63	64
63	68
63	69
63	70
63	71
63	74
63	76
63	77
63	78
63	79
63	80
63	81
63	82
63	83
63	85
63	86
63	87
63	88
63	89
63	91
63	92
63	95
63	96
63	97
63	98
63	99
64	66
64	67
64	68
64	69
64	70
64	72
64	73
64	74
64	76
64	78
64	79
64	83
64	86
64	87
64	89
64	90
64	91
64	92
64	93
64	94
64	98
64	99
65	66
65	68
65	69
65	72
65	73
65	75
65	76
65	78
65	79
65	80
65	81
65	85
65	86
65	88
65	90
65	91
65	92
65	94
65	96
65	97
65	98
66	67
66	68
66	70
66	71
66	72
66	73
66	75
66	77
66	79
66	80
66	82
66	83
66	84
66	85
66	86
66	88
66	89
66	90
66	91
66	93
66	94
66	95
66	96
66	98
66	99
67	70
67	71
67	72
67	73
67	75
67	76
67	78
67	79
67	80
67	82
67	83
67	84
67	85
67	86
67	87
67	88
67	91
67	93
67	95
67	98
67	99
68	69
68	70
68	71
68	72
68	73
68	74
68	75
68	76
68	77
68	78
68	82
68	84
68	86
68	87
68	88
68	91
68	92
68	93
68	94
68	96
68	99
69	70
69	71
69	72
69	73
69	74
69	75
69	76
69	80
69	81
69	82
69	83
69	86
69	88
69	89
69	91
69	95
69	96
69	98
70	73
70	75
70	77
70	79
70	80
70	81
70	84
70	85
70	88
70	89
70	91
70	94
70	95
70	96
70	99
71	74
71	75
71	76
71	77
71	78
71	79
71	80
71	82
71	83
71	84
71	86
71	87
71	88
71	91
71	92
71	96
71	98
71	99
72	73
72	74
72	77
72	79
72	80
72	83
72	84
72	85
72	91
72	93
72	95
72	99
73	75
73	77
73	79
73	80
73	81
73	82
73	83
73	84
73	85
73	86
73	87
73	88
73	89
73	92
73	93
73	95
73	96
73	97
73	99
74	75
74	78
74	80
74	81
74	84
74	85
74	86
74	87
74	88
74	90
74	91
74	96
74	97
74	98
75	76
75	77
75	78
75	79
75	81
75	82
75	84
75	86
75	87
75	89
75	90
75	93
75	94
75	97
75	98
75	99
76	77
76	78
76	79
76	81
76	83
76	84
76	85
76	88
76	90
76	91
76	93
76	94
76	95
76	96
76	98
76	99
77	81
77	85
77	89
77	90
77	91
77	95
77	98
77	99
78	83
78	86
78	88
78	89
78	90
78	92
78	93
78	95
78	96
78	97
78	99
79	80
79	82
79	83
79	85
79	86
79	88
79	89
79	92
79	94
79	95
79	99
80	83
80	84
80	85
80	89
80	90
80	95
80	97
80	99
81	82
81	85
81	86
81	87
81	90
81	91
81	92
81	93
81	95
81	96
81	97
81	98
82	84
82	86
82	87
82	90
82	91
82	92
82	94
82	95
82	97
82	98
83	87
83	90
83	94
83	95
83	96
83	97
83	98
83	99
84	85
84	87
84	88
84	92
84	94
84	95
84	98
85	87
85	88
85	89
85	91
85	93
85	96
85	97
85	98
85	99
86	90
86	94
86	98
86	99
87	88
87	89
87	90
87	91
87	94
87	95
87	97
87	98
87	99
88	89
88	90
88	91
88	94
88	95
88	96
88	98
89	90
89	91
89	92
89	94
89	95
90	91
90	93
90	95
90	97
90	98
91	92
91	94
91	95
91	96
91	97
91	98
92	93
92	94
92	95
92	97
92	99
93	94
93	96
93	98
94	97
94	98
95	97
95	98
95	99
96	97
96	99
