# Undirected graph (each unordered pair of nodes is saved once): datasets/final/graph_100_750.txt
# Undirected Erdos-Renyi random graph.
# Nodes: 100 Edges: 750
# NodeId	NodeId
0	1
0	3
0	4
0	31
0	44
0	49
0	59
0	71
0	73
0	79
0	83
0	88
0	93
1	3
1	8
1	16
1	19
1	21
1	22
1	31
1	34
1	43
1	45
1	63
1	67
1	73
1	82
1	91
1	96
1	98
2	6
2	8
2	23
2	24
2	25
2	32
2	34
2	43
2	47
2	50
2	52
2	53
2	57
2	71
2	76
2	78
2	80
3	7
3	16
3	20
3	28
3	36
3	37
3	44
3	51
3	77
3	82
3	90
3	92
3	94
3	98
3	99
4	12
4	29
4	30
4	33
4	34
4	44
4	45
4	56
4	65
4	68
4	69
4	72
4	81
5	12
5	17
5	18
5	30
5	34
5	35
5	48
5	56
5	60
5	67
5	71
5	81
5	91
6	9
6	19
6	23
6	27
6	28
6	37
6	40
6	47
6	55
6	66
7	22
7	50
7	57
7	61
7	71
7	76
7	82
7	85
7	97
8	12
8	16
8	21
8	28
8	37
8	43
8	45
8	61
8	79
9	16
9	41
9	42
9	45
9	46
9	81
9	89
9	97
10	14
10	25
10	26
10	35
10	36
10	40
10	43
10	64
10	69
10	72
10	73
10	77
10	84
10	88
10	93
11	12
11	15
11	16
11	25
11	28
11	43
11	44
11	46
11	49
11	51
11	59
11	61
11	63
11	67
11	84
11	95
12	17
12	27
12	50
12	58
12	60
12	64
12	66
12	69
12	73
12	83
12	85
12	86
12	98
13	16
13	18
13	30
13	31
13	38
13	60
13	68
13	84
13	85
13	89
14	16
14	20
14	24
14	27
14	52
14	64
14	86
14	88
15	29
15	37
15	41
15	42
15	53
15	54
15	55
15	67
15	76
15	96
15	98
16	22
16	23
16	49
16	54
16	65
16	68
16	70
16	72
16	75
16	79
16	88
16	95
17	20
17	35
17	48
17	52
17	57
17	64
17	73
17	74
17	85
17	87
17	91
17	96
17	98
18	28
18	30
18	36
18	38
18	44
18	52
18	57
18	59
18	63
18	68
18	75
18	76
18	80
19	23
19	27
19	31
19	44
19	45
19	50
19	57
19	66
19	68
19	71
19	76
19	77
19	78
19	79
19	80
19	87
19	89
19	99
20	22
20	33
20	39
20	45
20	46
20	52
20	54
20	58
20	60
20	68
20	70
20	77
20	84
20	85
20	93
20	98
20	99
21	23
21	31
21	47
21	48
21	53
21	64
21	65
21	72
21	73
21	96
21	98
22	27
22	28
22	30
22	32
22	37
22	43
22	44
22	48
22	49
22	67
22	73
22	74
22	79
22	89
22	99
23	24
23	26
23	31
23	36
23	37
23	42
23	43
23	57
23	59
23	77
23	81
23	83
24	26
24	28
24	33
24	39
24	48
24	50
24	51
24	52
24	63
24	82
24	89
24	98
25	26
25	30
25	38
25	41
25	42
25	44
25	45
25	58
25	61
25	68
25	73
25	74
25	76
25	77
25	81
25	82
25	86
25	87
25	88
25	90
25	93
25	97
25	98
25	99
26	30
26	37
26	38
26	40
26	42
26	46
26	48
26	58
26	64
26	68
26	73
26	80
26	86
26	88
27	30
27	32
27	56
27	58
27	86
27	93
27	95
27	97
27	98
28	34
28	46
28	53
28	69
28	77
28	78
28	84
28	85
28	86
28	94
29	41
29	57
29	60
29	61
29	79
29	87
29	88
29	91
30	33
30	37
30	43
30	46
30	51
30	56
30	61
30	65
30	86
30	88
30	96
31	33
31	36
31	41
31	55
31	57
31	60
31	65
31	75
31	81
31	85
31	86
31	88
31	89
31	97
32	45
32	46
32	50
32	62
32	69
32	71
32	73
32	74
32	77
32	90
32	97
33	38
33	51
33	57
33	70
33	73
33	75
33	89
34	42
34	52
34	54
34	57
34	58
34	59
34	62
34	66
34	76
34	80
35	40
35	41
35	44
35	46
35	54
35	75
35	79
35	82
35	85
35	86
35	89
35	94
35	96
36	41
36	44
36	50
36	53
36	64
36	70
36	86
37	39
37	48
37	50
37	51
37	59
37	62
37	65
37	70
38	43
38	50
38	53
38	57
38	59
38	64
38	65
38	69
38	78
38	85
38	87
38	90
38	92
38	99
39	42
39	68
39	82
39	93
40	56
40	57
40	81
41	54
41	63
41	64
41	66
42	54
42	56
42	62
42	63
42	64
42	70
42	76
42	79
42	95
42	98
43	64
43	66
43	67
43	78
43	80
43	85
43	93
43	95
44	50
44	59
44	74
44	77
44	86
44	99
45	56
45	59
45	61
45	62
45	68
45	70
45	75
46	48
46	57
46	58
46	61
46	65
46	77
46	80
46	99
47	48
47	49
47	51
47	52
47	59
47	65
47	71
47	95
47	98
48	84
48	91
48	93
48	98
48	99
49	56
49	61
49	64
49	66
49	68
49	71
49	77
49	96
50	62
50	63
50	70
50	71
50	76
50	77
50	92
50	94
50	97
51	63
51	71
51	72
51	73
51	74
51	77
51	80
51	83
51	92
51	93
52	55
52	57
52	63
52	66
52	72
52	74
52	81
52	88
52	91
52	93
53	54
53	57
53	66
53	87
53	93
53	96
54	55
54	61
54	65
54	78
54	81
54	87
54	92
54	94
55	63
55	69
55	77
55	89
55	95
55	96
56	63
56	65
56	68
56	81
56	89
56	95
56	96
56	99
57	67
57	69
57	70
57	71
57	81
57	88
57	89
57	91
58	66
58	81
58	86
58	88
59	72
59	78
59	88
59	99
60	68
60	72
60	74
60	85
60	86
60	88
60	92
60	93
60	99
61	70
61	79
61	82
61	94
61	95
62	69
62	75
62	80
62	91
62	92
63	65
63	82
63	88
63	97
64	69
64	77
64	83
64	85
64	90
65	66
65	95
65	97
66	67
66	69
66	92
66	99
67	81
67	91
67	95
68	70
68	75
68	78
68	89
68	94
69	72
69	84
69	85
69	88
69	90
69	92
70	81
70	82
71	80
71	87
71	90
71	95
72	74
72	82
72	85
72	89
73	80
73	94
73	98
74	81
74	86
74	88
74	94
74	95
74	99
75	76
75	77
75	83
75	91
75	95
76	81
76	91
76	97
77	79
77	80
77	84
77	89
77	99
78	83
78	84
78	85
78	95
79	81
79	91
80	81
80	84
80	90
80	99
81	85
81	89
82	88
82	96
82	99
83	99
84	85
84	90
84	91
84	94
84	95
84	96
85	90
85	94
85	96
85	98
86	95
86	98
87	94
88	89
88	95
89	94
90	92
91	98
92	94
92	95
92	96
92	97
92	99
93	99
94	97
95	96
96	97
96	99
