# Undirected graph (each unordered pair of nodes is saved once): datasets/final/graph_100_250.txt
# Undirected Erdos-Renyi random graph.
# Nodes: 100 Edges: 250
# NodeId	NodeId
0	16
0	35
0	44
0	48
1	3
1	36
1	61
1	70
2	10
2	12
2	22
2	30
2	46
2	74
2	82
3	17
3	20
3	23
3	33
3	35
3	44
3	57
3	74
3	81
3	84
4	14
4	40
4	48
4	52
4	73
4	96
4	97
5	54
5	59
5	81
5	97
5	98
6	29
6	89
7	66
7	89
8	9
8	11
8	35
8	49
9	46
9	55
9	58
9	70
9	71
9	74
9	75
9	81
10	11
10	17
10	20
10	25
10	41
10	70
10	87
11	61
11	89
11	94
12	64
12	86
13	53
13	86
13	97
14	43
14	50
14	78
14	79
14	87
14	97
15	21
15	64
15	99
16	18
16	30
16	47
16	51
17	67
18	31
18	45
18	48
18	52
18	63
18	89
19	28
19	38
19	39
19	55
19	65
19	66
19	69
19	73
19	89
19	90
20	44
20	45
20	65
20	82
21	25
21	40
21	99
22	45
22	47
22	48
22	53
22	99
23	29
23	46
23	60
23	74
24	61
24	69
24	73
24	91
24	98
25	27
25	48
25	50
25	81
25	85
26	47
26	63
26	66
26	71
26	78
26	80
26	86
27	40
27	93
27	96
28	57
28	59
29	42
29	75
29	79
29	80
30	36
30	38
30	77
30	83
31	92
31	99
32	51
32	74
32	78
33	45
33	69
34	79
35	47
35	62
35	89
36	49
36	53
36	62
36	84
37	45
37	73
37	74
37	81
37	99
38	72
38	91
38	94
39	47
39	78
39	90
40	64
40	93
40	95
41	79
41	85
42	45
42	94
43	56
43	59
43	88
43	89
44	51
44	82
45	66
45	72
45	75
45	76
47	51
47	54
48	58
49	79
49	86
51	57
51	65
51	75
51	98
52	83
53	55
53	66
53	69
54	91
55	60
55	70
55	82
55	89
55	91
55	95
56	62
56	63
56	67
56	97
56	99
57	92
57	93
58	65
58	67
58	79
59	61
59	66
59	67
59	88
61	62
62	70
63	75
64	88
65	66
65	90
65	98
66	79
67	74
67	93
67	97
69	89
69	91
70	74
70	97
71	78
72	76
73	92
74	86
75	92
75	93
76	94
77	78
77	82
77	96
80	92
84	97
84	99
85	94
